Selection	View	Channel	Begin Time (s)	End Time (s)	Low Freq (Hz)	High Freq (Hz)	Delta Time (s)	Delta Freq (Hz)	Avg Power Density (dB FS/Hz)	Begin File	Begin Date Time	Annotation
1	Spectrogram 1	1	0	0.637014963	6000	12872.299	0.637	6872.299	-77.36	Valencia_02_Combined_2017.wav	0	Whistle
2	Spectrogram 1	1	1.922341178	2.277976419	7772.727	9996.071	0.3556	2223.344	-70.82	Valencia_02_Combined_2017.wav	1.9223	Whistle
3	Spectrogram 1	1	2.795265226	3.285944877	6636.364	10954.545	0.4907	4318.182	-77.59	Valencia_02_Combined_2017.wav	2.7953	Whistle
4	Spectrogram 1	1	3.818987071	4.539092684	1933.202	9760.314	0.7201	7827.112	-69.46	Valencia_02_Combined_2017.wav	3.819	Bout
5	Spectrogram 1	1	8.832332925	9.359210256	6454.545	9545.455	0.5269	3090.909	-77.71	Valencia_02_Combined_2017.wav	8.8323	Whistle
6	Spectrogram 1	1	16.5805484	17.50703379	4409.091	8864.44	0.9265	4455.349	-81.08	Valencia_02_Combined_2017.wav	16.5805	Whistle
7	Spectrogram 1	1	24.23484147	24.44301849	7402.75	13545.455	0.2082	6142.705	-79.2	Valencia_02_Combined_2017.wav	24.2348	Whistle
8	Spectrogram 1	1	25.85521054	26.30567055	3409.091	12409.091	0.4505	9000	-68.53	Valencia_02_Combined_2017.wav	25.8552	Whistle
9	Spectrogram 1	1	27.26138457	27.8666917	6082.515	12318.182	0.6053	6235.667	-86.01	Valencia_02_Combined_2017.wav	27.2614	Whistle
10	Spectrogram 1	1	34.84077778	35.35961118	4136.364	15954.545	0.5188	11818.181	-78.7	Valencia_02_Combined_2017.wav	34.8408	Whistle
11	Spectrogram 1	1	42.1527091	42.75499397	4409.091	12158.9	0.6023	7749.809	-75.47	Valencia_02_Combined_2017.wav	42.1527	Whistle
12	Spectrogram 1	1	46.42166518	47.43117823	4290.766	19590.909	1.0095	15300.143	-69.62	Valencia_02_Combined_2017.wav	46.4217	Whistle
13	Spectrogram 1	1	50.90406419	51.86848476	5090.909	14051.081	0.9644	8960.172	-82.83	Valencia_02_Combined_2017.wav	50.9041	Whistle
14	Spectrogram 1	1	53.96232632	54.73906945	3973.5	12953.6	0.7767	8980.1	-76.85	Valencia_02_Combined_2017.wav	53.9623	Bout
15	Spectrogram 1	1	54.96605843	55.85024365	5409.091	13589.4	0.8842	8180.309	-82.17	Valencia_02_Combined_2017.wav	54.9661	Bout
16	Spectrogram 1	1	56.06807666	56.30537256	9045.455	16363.636	0.2373	7318.182	-86.7	Valencia_02_Combined_2017.wav	56.0681	Whistle
17	Spectrogram 1	1	63.31671109	63.74008385	7214.145	9053.045	0.4234	1838.9	-60.27	Valencia_02_Combined_2017.wav	63.3167	Whistle
18	Spectrogram 1	1	75.83481182	76.12659575	3909.091	14781.5	0.2918	10872.409	-75.95	Valencia_02_Combined_2017.wav	75.8348	Whistle
19	Spectrogram 1	1	81.23953989	81.81065883	6158.859	18427.699	0.5711	12268.839	-84.61	Valencia_02_Combined_2017.wav	81.2395	Whistle
20	Spectrogram 1	1	87.30743915	87.70502914	4927.2	6681.818	0.3976	1754.618	-83.57	Valencia_02_Combined_2017.wav	87.3074	Whistle
21	Spectrogram 1	1	88.9737763	89.06847505	4057.026	14000	0.0947	9942.974	-76.09	Valencia_02_Combined_2017.wav	88.9738	Whistle
22	Spectrogram 1	1	104.9369532	105.2627323	5670.061	7967.413	0.3258	2297.352	-82.3	Valencia_02_Combined_2017.wav	104.937	Whistle
23	Spectrogram 1	1	107.4126524	107.8930971	2492.872	13909.091	0.4804	11416.219	-74.66	Valencia_02_Combined_2017.wav	107.4127	Whistle
24	Spectrogram 1	1	109.492008	110.628559	1863.636	18755	1.1366	16891.364	-77.64	Valencia_02_Combined_2017.wav	109.492	Bout
25	Spectrogram 1	1	111.1262585	111.5915709	7152.3	14781.5	0.4653	7629.2	-89.6	Valencia_02_Combined_2017.wav	111.1263	Whistle
26	Spectrogram 1	1	113.4388879	113.7083595	3910.387	6354.379	0.2695	2443.992	-85.56	Valencia_02_Combined_2017.wav	113.4389	Whistle
27	Spectrogram 1	1	121.9909665	122.317078	7166.994	11269.155	0.3261	4102.161	-78.59	Valencia_02_Combined_2017.wav	121.991	Whistle
28	Spectrogram 1	1	128.2504503	128.8818987	5230.143	17863.636	0.6314	12633.493	-77.42	Valencia_02_Combined_2017.wav	128.2505	Whistle
29	Spectrogram 1	1	138.100235	138.2289442	4301.426	20590.909	0.1287	16289.483	-75.09	Valencia_02_Combined_2017.wav	138.1002	Whistle
30	Spectrogram 1	1	178.4027027	178.7100112	4772.727	10090.373	0.3073	5317.646	-76.55	Valencia_02_Combined_2017.wav	178.4027	Whistle
31	Spectrogram 1	1	179.2265632	179.4259209	3909.091	6789.784	0.1994	2880.693	-68.58	Valencia_02_Combined_2017.wav	179.2266	Whistle
32	Spectrogram 1	1	185.4266918	185.7766027	3409.091	6727.273	0.3499	3318.182	-78.26	Valencia_02_Combined_2017.wav	185.4267	Whistle
33	Spectrogram 1	1	186.0340049	186.8982031	3617.108	9059.6	0.8642	5442.492	-81.54	Valencia_02_Combined_2017.wav	186.034	Whistle
34	Spectrogram 1	1	187.2076927	188.1288145	5752.456	11095.723	0.9211	5343.267	-68.47	Valencia_02_Combined_2017.wav	187.2077	Whistle
35	Spectrogram 1	1	188.1495618	188.6804574	3568.228	9580.448	0.5309	6012.22	-75.9	Valencia_02_Combined_2017.wav	188.1496	Whistle
36	Spectrogram 1	1	233.8028805	234.0683301	7681.818	13227.273	0.2654	5545.455	-81.55	Valencia_02_Combined_2017.wav	233.8029	Whistle
37	Spectrogram 1	1	247.5941939	248.1170493	1368.635	22533.605	0.5229	21164.969	-82.6	Valencia_02_Combined_2017.wav	247.5942	Whistle
38	Spectrogram 1	1	249.6534425	249.8183402	15739.308	20636.364	0.1649	4897.056	-65.53	Valencia_02_Combined_2017.wav	249.6534	Whistle
39	Spectrogram 1	1	256.2253324	256.382189	11045.455	12909.091	0.1569	1863.636	-72.46	Valencia_02_Combined_2017.wav	256.2253	Whistle
40	Spectrogram 1	1	256.494804	256.6355727	11545.455	13545.455	0.1408	2000	-72.97	Valencia_02_Combined_2017.wav	256.4948	Whistle
41	Spectrogram 1	1	256.9573245	257.0779834	10264.766	12513.238	0.1207	2248.473	-70.24	Valencia_02_Combined_2017.wav	256.9573	Whistle
42	Spectrogram 1	1	275.1485347	275.3602211	6931.238	11205.3	0.2117	4274.062	-72.16	Valencia_02_Combined_2017.wav	275.1485	Whistle
43	Spectrogram 1	1	282.9234918	283.1500418	6834.4	16529.8	0.2266	9695.4	-74.48	Valencia_02_Combined_2017.wav	282.9235	Whistle
44	Spectrogram 1	1	284.2072755	284.4446137	6516.6	11761.6	0.2373	5245	-76.02	Valencia_02_Combined_2017.wav	284.2073	Whistle
45	Spectrogram 1	1	286.2019902	286.6711329	8675.835	14428.291	0.4691	5752.456	-78.45	Valencia_02_Combined_2017.wav	286.202	Whistle
46	Spectrogram 1	1	287.1421625	287.8942699	4594.705	9760.314	0.7521	5165.609	-76.48	Valencia_02_Combined_2017.wav	287.1422	Whistle
47	Spectrogram 1	1	288.1300526	289.1698292	4007.859	8696.1	1.0398	4688.241	-60.94	Valencia_02_Combined_2017.wav	288.1301	Whistle
48	Spectrogram 1	1	290.0113009	291.6226309	3372.709	20537.2	1.6113	17164.491	-73.55	Valencia_02_Combined_2017.wav	290.0113	Bout
49	Spectrogram 1	1	291.7995974	292.5141399	5914.46	9922.607	0.7145	4008.147	-81.4	Valencia_02_Combined_2017.wav	291.7996	Whistle
50	Spectrogram 1	1	303.5827941	304.6015076	4007.4	20696.1	1.0187	16688.7	-66.54	Valencia_02_Combined_2017.wav	303.5828	Whistle
51	Spectrogram 1	1	313.346073	314.1983329	4086.9	16245.8	0.8523	12158.9	-69.6	Valencia_02_Combined_2017.wav	313.3461	Whistle
52	Spectrogram 1	1	322.9896482	323.2871534	4102.161	8911.591	0.2975	4809.43	-56.28	Valencia_02_Combined_2017.wav	322.9896	Whistle
53	Spectrogram 1	1	326.489049	326.8148281	6681.818	11090.909	0.3258	4409.091	-63.63	Valencia_02_Combined_2017.wav	326.489	Whistle
54	Spectrogram 1	1	326.9837506	327.2572442	6545.455	10909.091	0.2735	4363.636	-65.12	Valencia_02_Combined_2017.wav	326.9838	Whistle
55	Spectrogram 1	1	331.8543496	332.3871359	3927.9	10681.818	0.5328	6753.918	-67.58	Valencia_02_Combined_2017.wav	331.8543	Whistle
56	Spectrogram 1	1	332.5823251	333.4080499	3442.043	13768.173	0.8257	10326.13	-67.57	Valencia_02_Combined_2017.wav	332.5823	Bout
57	Spectrogram 1	1	390.4664137	390.7559951	2150.713	10802.444	0.2896	8651.731	-86.89	Valencia_02_Combined_2017.wav	390.4664	Whistle
58	Spectrogram 1	1	692.1056862	694.0844926	6158.859	21311.609	1.9788	15152.749	-80.47	Valencia_02_Combined_2017.wav	692.1057	Whistle
59	Spectrogram 1	1	736.0134643	736.8098132	5865.58	21116.09	0.7963	15250.509	-71.53	Valencia_02_Combined_2017.wav	736.0135	Whistle
60	Spectrogram 1	1	737.2361414	737.4855032	4545.825	17841.141	0.2494	13295.316	-67.81	Valencia_02_Combined_2017.wav	737.2361	Whistle
61	Spectrogram 1	1	739.7659572	739.9389016	9384.929	11437.882	0.1729	2052.953	-60.83	Valencia_02_Combined_2017.wav	739.766	Whistle
62	Spectrogram 1	1	764.8469275	765.6472984	8407.332	11682.281	0.8004	3274.949	-72.75	Valencia_02_Combined_2017.wav	764.8469	Whistle
63	Spectrogram 1	1	795.6229996	796.0372619	6198.7	21458.248	0.4143	15259.548	-61.29	Valencia_02_Combined_2017.wav	795.623	Whistle
64	Spectrogram 1	1	796.3791289	796.4475023	4350.305	20676.171	0.0684	16325.866	-57.88	Valencia_02_Combined_2017.wav	796.3791	Whistle
65	Spectrogram 1	1	799.6003004	800.5016425	5523.422	22826.884	0.9013	17303.462	-75.02	Valencia_02_Combined_2017.wav	799.6003	Whistle
66	Spectrogram 1	1	804.5799145	804.9418913	2639.511	9482.688	0.362	6843.177	-55.54	Valencia_02_Combined_2017.wav	804.5799	Bout
67	Spectrogram 1	1	805.0964904	806.0188729	6459.725	22915.521	0.9224	16455.796	-58.72	Valencia_02_Combined_2017.wav	805.0965	Bout
68	Spectrogram 1	1	806.4476998	806.9327638	6412.574	21116.09	0.4851	14703.516	-65.3	Valencia_02_Combined_2017.wav	806.4477	Whistle
69	Spectrogram 1	1	808.2479461	810.0755824	6501.018	22569.5	1.8276	16068.482	-57.56	Valencia_02_Combined_2017.wav	808.2479	Whistle
70	Spectrogram 1	1	812.4669868	812.6600411	3812.627	18574.338	0.1931	14761.711	-72.01	Valencia_02_Combined_2017.wav	812.467	Whistle
71	Spectrogram 1	1	813.8947842	813.9861415	8358.452	13589.4	0.0914	5230.948	-71.54	Valencia_02_Combined_2017.wav	813.8948	Whistle
72	Spectrogram 1	1	820.6235308	820.9171342	4290.766	18965.377	0.2936	14674.611	-72.82	Valencia_02_Combined_2017.wav	820.6235	Whistle
73	Spectrogram 1	1	820.9500848	821.2992208	9922.607	23387.033	0.3491	13464.426	-67.83	Valencia_02_Combined_2017.wav	820.9501	Whistle
74	Spectrogram 1	1	821.2911769	823.4421357	3665.988	22680.244	2.151	19014.257	-70.92	Valencia_02_Combined_2017.wav	821.2912	Bout
75	Spectrogram 1	1	824.3807003	825.4801337	3347.741	17960.3	1.0994	14612.559	-74.19	Valencia_02_Combined_2017.wav	824.3807	Bout
76	Spectrogram 1	1	828.8276994	829.3585987	9807.466	12757.637	0.5309	2950.171	-61.58	Valencia_02_Combined_2017.wav	828.8277	Whistle
77	Spectrogram 1	1	833.6098151	834.2573514	5230.143	12806.517	0.6475	7576.375	-64.69	Valencia_02_Combined_2017.wav	833.6098	Whistle
78	Spectrogram 1	1	835.1138435	837.5968675	5681.818	17500	2.483	11818.182	-72.59	Valencia_02_Combined_2017.wav	835.1138	Bout
79	Spectrogram 1	1	838.4607768	838.5596921	7772.727	10454.545	0.0989	2681.818	-67.51	Valencia_02_Combined_2017.wav	838.4608	Whistle
80	Spectrogram 1	1	841.0690961	841.1699446	3421.589	9136.364	0.1008	5714.775	-73.96	Valencia_02_Combined_2017.wav	841.0691	Whistle
81	Spectrogram 1	1	864.7547442	864.9719303	5136.364	20900.7	0.2172	15764.336	-67.94	Valencia_02_Combined_2017.wav	864.7547	Whistle
82	Spectrogram 1	1	874.2342152	876.0419878	5816.701	18675.5	1.8078	12858.799	-73.64	Valencia_02_Combined_2017.wav	874.2342	Whistle
83	Spectrogram 1	1	876.2897384	877.3063848	4818.182	22966.9	1.0166	18148.718	-78.72	Valencia_02_Combined_2017.wav	876.2897	Bout
84	Spectrogram 1	1	877.6330745	878.078754	9818.182	12023.576	0.4457	2205.394	-77.7	Valencia_02_Combined_2017.wav	877.6331	Whistle
85	Spectrogram 1	1	883.2336	883.6455303	5516.699	10043.222	0.4119	4526.523	-65.36	Valencia_02_Combined_2017.wav	883.2336	Whistle
86	Spectrogram 1	1	888.1548879	889.1117611	3818.182	15135.56	0.9569	11317.378	-67.73	Valencia_02_Combined_2017.wav	888.1549	Whistle
87	Spectrogram 1	1	889.3553403	889.7729918	3772.102	5681.818	0.4177	1909.716	-77.74	Valencia_02_Combined_2017.wav	889.3553	Whistle
88	Spectrogram 1	1	891.4452937	893.0684329	3576.2	22569.5	1.6231	18993.3	-68.64	Valencia_02_Combined_2017.wav	891.4453	Whistle
89	Spectrogram 1	1	895.0485188	896.6442163	3735.1	20662.3	1.5957	16927.2	-68.27	Valencia_02_Combined_2017.wav	895.0485	Whistle
90	Spectrogram 1	1	899.4762358	900.7692391	3735.1	19231.8	1.293	15496.7	-70.1	Valencia_02_Combined_2017.wav	899.4762	Whistle
91	Spectrogram 1	1	904.4126289	905.8954813	3894	19231.8	1.4829	15337.8	-70.05	Valencia_02_Combined_2017.wav	904.4126	Whistle
92	Spectrogram 1	1	907.3686196	908.7446655	3735.1	22161.1	1.376	18426	-70.74	Valencia_02_Combined_2017.wav	907.3686	Whistle
93	Spectrogram 1	1	909.9685515	911.3192286	3337.7	20662.3	1.3507	17324.6	-72.72	Valencia_02_Combined_2017.wav	909.9686	Whistle
94	Spectrogram 1	1	913.178636	914.351493	2781.5	21689.587	1.1729	18908.087	-69.34	Valencia_02_Combined_2017.wav	913.1786	Whistle
95	Spectrogram 1	1	925.320107	926.3604022	3655.6	20821.2	1.0403	17165.6	-66.78	Valencia_02_Combined_2017.wav	925.3201	Whistle
96	Spectrogram 1	1	933.6791494	934.4473446	3727.273	18388.998	0.7682	14661.725	-64.3	Valencia_02_Combined_2017.wav	933.6791	Whistle
97	Spectrogram 1	1	971.0914628	972.1351627	7681.818	19503.055	1.0437	11821.237	-67.02	Valencia_02_Combined_2017.wav	971.0915	Whistle
98	Spectrogram 1	1	972.4187112	973.2914774	7772.727	12272.727	0.8728	4500	-69.39	Valencia_02_Combined_2017.wav	972.4187	Whistle
99	Spectrogram 1	1	1030.705018	1031.457125	7727.273	15181.818	0.7521	7454.545	-75.32	Valencia_02_Combined_2017.wav	1030.705	Whistle
100	Spectrogram 1	1	1035.217662	1035.493294	8863.636	21595.285	0.2756	12731.649	-81.76	Valencia_02_Combined_2017.wav	1035.2177	Whistle
101	Spectrogram 1	1	1035.599748	1037.663016	7636.364	22590.909	2.0633	14954.545	-77.93	Valencia_02_Combined_2017.wav	1035.5997	Whistle
102	Spectrogram 1	1	1043.804556	1046.074333	5409.091	22396.857	2.2698	16987.766	-73.27	Valencia_02_Combined_2017.wav	1043.8046	Whistle
103	Spectrogram 1	1	1046.189581	1047.853643	6681.818	22208.251	1.6641	15526.433	-72.91	Valencia_02_Combined_2017.wav	1046.1896	Whistle
104	Spectrogram 1	1	1050.711007	1052.92267	6818.182	22590.909	2.2117	15772.727	-68.51	Valencia_02_Combined_2017.wav	1050.711	Whistle
105	Spectrogram 1	1	1053.614863	1054.881782	6365.422	22500	1.2669	16134.578	-65.93	Valencia_02_Combined_2017.wav	1053.6149	Whistle
106	Spectrogram 1	1	1057.74466	1059.422013	8272.727	16314.342	1.6774	8041.615	-71.61	Valencia_02_Combined_2017.wav	1057.7447	Whistle
107	Spectrogram 1	1	1059.450217	1060.73218	8136.364	19001.965	1.282	10865.601	-78.36	Valencia_02_Combined_2017.wav	1059.4502	Whistle
108	Spectrogram 1	1	1060.783671	1061.464501	9000	17068.762	0.6808	8068.762	-77.78	Valencia_02_Combined_2017.wav	1060.7837	Whistle
109	Spectrogram 1	1	1141.158562	1141.571494	6818.182	19863.636	0.4129	13045.454	-79.03	Valencia_02_Combined_2017.wav	1141.1586	Whistle
110	Spectrogram 1	1	1141.762695	1143.111092	6454.545	17000	1.3484	10545.455	-70.6	Valencia_02_Combined_2017.wav	1141.7627	Whistle
111	Spectrogram 1	1	1148.027252	1149.603862	5772.727	17090.909	1.5766	11318.182	-67.97	Valencia_02_Combined_2017.wav	1148.0273	Whistle
112	Spectrogram 1	1	1159.421834	1160.970291	5727.273	22807.9	1.5485	17080.627	-74.41	Valencia_02_Combined_2017.wav	1159.4218	Whistle
113	Spectrogram 1	1	1176.792697	1177.174784	1954.545	12954.545	0.3821	11000	-67.61	Valencia_02_Combined_2017.wav	1176.7927	Whistle
114	Spectrogram 1	1	1188.822507	1190.423135	3442.043	19063.136	1.6006	15621.093	-77.35	Valencia_02_Combined_2017.wav	1188.8225	Whistle
115	Spectrogram 1	1	1244.542683	1245.911936	3863.636	5705.305	1.3693	1841.669	-65.72	Valencia_02_Combined_2017.wav	1244.5427	Whistle
116	Spectrogram 1	1	1246.552717	1247.925818	3772.727	5181.818	1.3731	1409.091	-62.75	Valencia_02_Combined_2017.wav	1246.5527	Whistle
117	Spectrogram 1	1	1250.849377	1252.102735	5233.792	9727.273	1.2534	4493.481	-62.72	Valencia_02_Combined_2017.wav	1250.8494	Whistle
118	Spectrogram 1	1	1253.365632	1253.912619	2909.091	13136.364	0.547	10227.273	-65.49	Valencia_02_Combined_2017.wav	1253.3656	Whistle
119	Spectrogram 1	1	1264.265152	1265.289819	7402.75	16550.098	1.0247	9147.348	-62.39	Valencia_02_Combined_2017.wav	1264.2652	Whistle
120	Spectrogram 1	1	1266.808022	1267.476884	3913.556	20086.444	0.6689	16172.888	-79.14	Valencia_02_Combined_2017.wav	1266.808	Bout
121	Spectrogram 1	1	1269.726987	1270.210097	5818.182	22818.182	0.4831	17000	-68.52	Valencia_02_Combined_2017.wav	1269.727	Whistle
122	Spectrogram 1	1	1272.601251	1274.038387	2829.077	7638.507	1.4371	4809.43	-72.78	Valencia_02_Combined_2017.wav	1272.6013	Whistle
123	Spectrogram 1	1	1289.30591	1290.086171	1909.091	8318.182	0.7803	6409.091	-67.06	Valencia_02_Combined_2017.wav	1289.3059	Whistle
124	Spectrogram 1	1	1298.262824	1299.115481	5090.909	7380.855	0.8527	2289.946	-59.65	Valencia_02_Combined_2017.wav	1298.2628	Whistle
125	Spectrogram 1	1	1302.168152	1302.772797	6272.727	20181.818	0.6046	13909.091	-53.57	Valencia_02_Combined_2017.wav	1302.1682	Whistle
126	Spectrogram 1	1	1328.725183	1328.890084	4045.455	5636.364	0.1649	1590.909	-62.65	Valencia_02_Combined_2017.wav	1328.7252	Whistle
127	Spectrogram 1	1	1335.529141	1337.214344	7045.455	22818.182	1.6852	15772.727	-61.11	Valencia_02_Combined_2017.wav	1335.5291	Whistle
128	Spectrogram 1	1	1344.103967	1344.672959	5893.91	21453.831	0.569	15559.921	-64.9	Valencia_02_Combined_2017.wav	1344.104	Whistle
129	Spectrogram 1	1	1344.690123	1346.126157	7818.182	22019.646	1.436	14201.464	-68.41	Valencia_02_Combined_2017.wav	1344.6901	Whistle
130	Spectrogram 1	1	1418.546505	1419.060677	7685.658	8958.743	0.5142	1273.085	-87.9	Valencia_02_Combined_2017.wav	1418.5465	Whistle
131	Spectrogram 1	1	1420.708398	1421.052189	8440.079	10727.273	0.3438	2287.194	-72.03	Valencia_02_Combined_2017.wav	1420.7084	Whistle
132	Spectrogram 1	1	1421.225133	1421.589471	4500	8958.743	0.3643	4458.743	-71.62	Valencia_02_Combined_2017.wav	1421.2251	Whistle
133	Spectrogram 1	1	1425.991161	1426.618452	3973.5	18681.818	0.6273	14708.318	-68.86	Valencia_02_Combined_2017.wav	1425.9912	Whistle
134	Spectrogram 1	1	1431.512854	1432.795861	5636.364	11818.182	1.283	6181.818	-65.16	Valencia_02_Combined_2017.wav	1431.5129	Whistle
135	Spectrogram 1	1	1437.60613	1438.885114	6090.909	12545.455	1.279	6454.546	-71.83	Valencia_02_Combined_2017.wav	1437.6061	Whistle
136	Spectrogram 1	1	1439.468299	1441.020778	3818.182	21772.727	1.5525	17954.545	-63.71	Valencia_02_Combined_2017.wav	1439.4683	Whistle
137	Spectrogram 1	1	1442.550613	1443.346962	7772.727	22807.9	0.7963	15035.173	-57.54	Valencia_02_Combined_2017.wav	1442.5506	Whistle
138	Spectrogram 1	1	1443.535994	1444.340387	9318.182	18000	0.8044	8681.818	-63.1	Valencia_02_Combined_2017.wav	1443.536	Whistle
139	Spectrogram 1	1	1456.703904	1457.299155	5816.701	21500	0.5953	15683.299	-60.45	Valencia_02_Combined_2017.wav	1456.7039	Whistle
140	Spectrogram 1	1	1458.4977	1458.914921	3258.3	15090.909	0.4172	11832.609	-64.05	Valencia_02_Combined_2017.wav	1458.4977	Whistle
141	Spectrogram 1	1	1462.138121	1463.260083	4053	11364.2	1.122	7311.2	-74.96	Valencia_02_Combined_2017.wav	1462.1381	Whistle
142	Spectrogram 1	1	1463.50821	1464.41441	5721.9	11046.4	0.9062	5324.5	-81.4	Valencia_02_Combined_2017.wav	1463.5082	Whistle
143	Spectrogram 1	1	1466.890346	1468.27655	4856.582	9100.196	1.3862	4243.614	-76.4	Valencia_02_Combined_2017.wav	1466.8903	Whistle
144	Spectrogram 1	1	1503.483479	1504.778445	5280.943	7681.818	1.295	2400.875	-81.64	Valencia_02_Combined_2017.wav	1503.4835	Whistle
145	Spectrogram 1	1	1532.682835	1533.247262	5227.273	19590.909	0.5644	14363.636	-75.73	Valencia_02_Combined_2017.wav	1532.6828	Whistle
146	Spectrogram 1	1	1547.209813	1548.581303	4500	18818.182	1.3715	14318.182	-86.72	Valencia_02_Combined_2017.wav	1547.2098	Whistle
147	Spectrogram 1	1	1809.7715	1810.213916	3909.091	13727.273	0.4424	9818.182	-84.72	Valencia_02_Combined_2017.wav	1809.7715	Bout
148	Spectrogram 1	1	1924.160189	1924.896209	1500	15772.727	0.736	14272.727	-75.57	Valencia_02_Combined_2017.wav	1924.1602	Whistle
149	Spectrogram 1	1	1927.72365	1928.033341	3863.636	8863.636	0.3097	5000	-71.54	Valencia_02_Combined_2017.wav	1927.7236	Whistle
150	Spectrogram 1	1	1947.901845	1948.050658	6000	17954.545	0.1488	11954.545	-67.31	Valencia_02_Combined_2017.wav	1947.9018	Whistle
151	Spectrogram 1	1	1953.955911	1956.449529	5136.364	10818.182	2.4936	5681.818	-72.94	Valencia_02_Combined_2017.wav	1953.9559	Whistle
152	Spectrogram 1	1	1975.779089	1976.86258	7954.545	22883.5	1.0835	14928.955	-68.94	Valencia_02_Combined_2017.wav	1975.7791	Whistle
153	Spectrogram 1	1	1977.130469	1977.83029	15545.455	23318.182	0.6998	7772.727	-68.19	Valencia_02_Combined_2017.wav	1977.1305	Whistle
154	Spectrogram 1	1	1981.993024	1982.725952	11121.9	22804	0.7329	11682.1	-81.42	Valencia_02_Combined_2017.wav	1981.993	Whistle
155	Spectrogram 1	1	1983.03069	1984.365743	6353.7	23121.9	1.3351	16768.2	-84.34	Valencia_02_Combined_2017.wav	1983.0307	Whistle
156	Spectrogram 1	1	1994.461114	1995.000057	3136.364	11757.7	0.5389	8621.336	-69.95	Valencia_02_Combined_2017.wav	1994.4611	Whistle
157	Spectrogram 1	1	2030.509981	2030.690969	3590.909	4684.8	0.181	1093.891	-67.2	Valencia_02_Combined_2017.wav	2030.51	Whistle
158	Spectrogram 1	1	2039.487006	2040.158674	3409.091	16500	0.6717	13090.909	-76.35	Valencia_02_Combined_2017.wav	2039.487	Whistle
159	Spectrogram 1	1	2051.971184	2052.284897	4363.636	13267.6	0.3137	8903.964	-69.58	Valencia_02_Combined_2017.wav	2051.9712	Whistle
160	Spectrogram 1	1	2054.589482	2055.538666	5909.091	19500	0.9492	13590.909	-77.95	Valencia_02_Combined_2017.wav	2054.5895	Whistle
161	Spectrogram 1	1	2067.592488	2068.658309	4454.545	8545.455	1.0658	4090.91	-75.78	Valencia_02_Combined_2017.wav	2067.5925	Whistle
162	Spectrogram 1	1	2134.570262	2134.855822	5409.091	7863.6	0.2856	2454.509	-83.97	Valencia_02_Combined_2017.wav	2134.5703	Whistle
163	Spectrogram 1	1	2160.222352	2160.455626	5954.545	9363.636	0.2333	3409.091	-90.19	Valencia_02_Combined_2017.wav	2160.2224	Whistle
164	Spectrogram 1	1	2163.246869	2163.580692	9454.545	13454.545	0.3338	4000	-94.5	Valencia_02_Combined_2017.wav	2163.2469	Whistle
165	Spectrogram 1	1	2169.522635	2169.806693	11727.273	13045.455	0.2841	1318.182	-79.71	Valencia_02_Combined_2017.wav	2169.5226	Whistle
166	Spectrogram 1	1	2169.90322	2170.832294	5363.636	19045.455	0.9291	13681.819	-72.25	Valencia_02_Combined_2017.wav	2169.9032	Whistle
167	Spectrogram 1	1	2174.69338	2174.801973	8318.182	9909.091	0.1086	1590.909	-72.68	Valencia_02_Combined_2017.wav	2174.6934	Whistle
168	Spectrogram 1	1	2175.066498	2176.524137	3954.545	21850.4	1.4576	17895.855	-66.81	Valencia_02_Combined_2017.wav	2175.0665	Whistle
169	Spectrogram 1	1	2178.455218	2179.965552	3969.6	21055.7	1.5103	17086.1	-65.9	Valencia_02_Combined_2017.wav	2178.4552	Whistle
170	Spectrogram 1	1	2180.270918	2180.616807	5272.727	10045.455	0.3459	4772.728	-88.36	Valencia_02_Combined_2017.wav	2180.2709	Whistle
171	Spectrogram 1	1	2182.060692	2182.338944	6830.5	11837.2	0.2783	5006.7	-87.6	Valencia_02_Combined_2017.wav	2182.0607	Whistle
172	Spectrogram 1	1	2182.9777	2184.469849	4636.364	16409.091	1.4921	11772.727	-68.77	Valencia_02_Combined_2017.wav	2182.9777	Whistle
173	Spectrogram 1	1	2186.976581	2188.295785	3969.6	22724.6	1.3192	18755	-64.19	Valencia_02_Combined_2017.wav	2186.9766	Whistle
174	Spectrogram 1	1	2200.832244	2202.083075	4545.455	21850.4	1.2508	17304.945	-61.28	Valencia_02_Combined_2017.wav	2200.8322	Whistle
175	Spectrogram 1	1	2281.822534	2282.413763	6181.818	11090.909	0.5912	4909.091	-75.5	Valencia_02_Combined_2017.wav	2281.8225	Whistle
176	Spectrogram 1	1	2286.918363	2288.088755	6090.909	19943.1	1.1704	13852.191	-75.4	Valencia_02_Combined_2017.wav	2286.9184	Whistle
177	Spectrogram 1	1	2289.61308	2290.703032	4181.818	17909.091	1.09	13727.273	-74.35	Valencia_02_Combined_2017.wav	2289.6131	Whistle
178	Spectrogram 1	1	2295.026644	2295.778751	3095.4	11545.455	0.7521	8450.055	-68.14	Valencia_02_Combined_2017.wav	2295.0266	Whistle
179	Spectrogram 1	1	2295.802883	2296.96523	5181.818	18863.636	1.1623	13681.818	-79.7	Valencia_02_Combined_2017.wav	2295.8029	Whistle
180	Spectrogram 1	1	2308.128626	2309.110343	2221.3	19181.818	0.9817	16960.518	-86.64	Valencia_02_Combined_2017.wav	2308.1286	Whistle
181	Spectrogram 1	1	2321.639983	2321.837059	4954.545	6045.455	0.1971	1090.91	-65.59	Valencia_02_Combined_2017.wav	2321.64	Whistle
182	Spectrogram 1	1	2322.034135	2322.262263	7772.727	11545.455	0.2281	3772.728	-74.07	Valencia_02_Combined_2017.wav	2322.0341	Whistle
183	Spectrogram 1	1	2326.735812	2326.852448	4181.818	6727.273	0.1166	2545.455	-79.59	Valencia_02_Combined_2017.wav	2326.7358	Whistle
184	Spectrogram 1	1	2326.928866	2327.729237	3000	5727.273	0.8004	2727.273	-79	Valencia_02_Combined_2017.wav	2326.9289	Whistle
185	Spectrogram 1	1	2331.944255	2332.169485	5136.364	6863.636	0.2252	1727.272	-74.73	Valencia_02_Combined_2017.wav	2331.9443	Whistle
186	Spectrogram 1	1	2334.486137	2335.173893	3909.091	6989.5	0.6878	3080.409	-76.84	Valencia_02_Combined_2017.wav	2334.4861	Whistle
187	Spectrogram 1	1	2335.749034	2336.139164	5318.182	9590.909	0.3901	4272.727	-79.33	Valencia_02_Combined_2017.wav	2335.749	Whistle
188	Spectrogram 1	1	2337.635335	2339.059111	4136.364	14636.364	1.4238	10500	-78.73	Valencia_02_Combined_2017.wav	2337.6353	Whistle
189	Spectrogram 1	1	2339.232055	2339.348692	11727.273	14090.909	0.1166	2363.636	-73.38	Valencia_02_Combined_2017.wav	2339.2321	Whistle
190	Spectrogram 1	1	2339.513593	2339.742845	7772.727	12136.364	0.2293	4363.637	-67.28	Valencia_02_Combined_2017.wav	2339.5136	Whistle
191	Spectrogram 1	1	2341.054005	2341.255103	6500	9181.818	0.2011	2681.818	-74.67	Valencia_02_Combined_2017.wav	2341.054	Whistle
192	Spectrogram 1	1	2342.168087	2343.016721	4590.909	6590.909	0.8486	2000	-87.38	Valencia_02_Combined_2017.wav	2342.1681	Whistle
193	Spectrogram 1	1	2344.52898	2344.866825	3363.636	12318.182	0.3378	8954.546	-74	Valencia_02_Combined_2017.wav	2344.529	Whistle
194	Spectrogram 1	1	2345.509497	2346.223836	6454.545	19943.1	0.7143	13488.555	-88.64	Valencia_02_Combined_2017.wav	2345.5095	Bout
195	Spectrogram 1	1	2347.478689	2347.691853	6194.8	19772.727	0.2132	13577.927	-80.3	Valencia_02_Combined_2017.wav	2347.4787	Whistle
196	Spectrogram 1	1	2351.271399	2352.107968	3545.455	10406.7	0.8366	6861.245	-90.41	Valencia_02_Combined_2017.wav	2351.2714	Whistle
197	Spectrogram 1	1	2355.410001	2356.668875	3967.347	16227.273	1.2589	12259.926	-71.58	Valencia_02_Combined_2017.wav	2355.41	Bout
198	Spectrogram 1	1	2357.193044	2357.799048	3272.727	21363.636	0.606	18090.909	-68.56	Valencia_02_Combined_2017.wav	2357.193	Whistle
199	Spectrogram 1	1	2361.382166	2362.53647	3318.182	9227.273	1.1543	5909.091	-69.43	Valencia_02_Combined_2017.wav	2361.3822	Bout
200	Spectrogram 1	1	2366.872147	2367.728825	6363.636	10327.2	0.8567	3963.564	-80.06	Valencia_02_Combined_2017.wav	2366.8721	Whistle
201	Spectrogram 1	1	2367.857528	2368.08678	6454.545	8772.727	0.2293	2318.182	-81.04	Valencia_02_Combined_2017.wav	2367.8575	Whistle
202	Spectrogram 1	1	2379.826895	2379.887224	7181.818	10000	0.0603	2818.182	-84.14	Valencia_02_Combined_2017.wav	2379.8269	Whistle
203	Spectrogram 1	1	2382.242084	2384.637164	3090.909	16136.364	2.3951	13045.455	-78.93	Valencia_02_Combined_2017.wav	2382.2421	Whistle
204	Spectrogram 1	1	2386.495312	2386.583795	8363.636	10863.636	0.0885	2500	-66.28	Valencia_02_Combined_2017.wav	2386.4953	Whistle
205	Spectrogram 1	1	2393.186089	2395.124675	4590.909	12318.182	1.9386	7727.273	-87.32	Valencia_02_Combined_2017.wav	2393.1861	Whistle
206	Spectrogram 1	1	2397.115547	2397.26436	1363.636	3090.909	0.1488	1727.273	-75.69	Valencia_02_Combined_2017.wav	2397.1155	Whistle
207	Spectrogram 1	1	2397.553941	2397.690688	8681.818	10500	0.1367	1818.182	-75.65	Valencia_02_Combined_2017.wav	2397.5539	Whistle
208	Spectrogram 1	1	2397.746996	2397.859611	5272.727	8818.182	0.1126	3545.455	-70.27	Valencia_02_Combined_2017.wav	2397.747	Whistle
209	Spectrogram 1	1	2398.662667	2399.102398	5479.5	8681.818	0.4397	3202.318	-92.24	Valencia_02_Combined_2017.wav	2398.6627	Whistle
210	Spectrogram 1	1	2406.088547	2407.327312	5272.727	12734.694	1.2388	7461.967	-84.4	Valencia_02_Combined_2017.wav	2406.0885	Whistle
211	Spectrogram 1	1	2412.33868	2412.58402	4090.909	6909.091	0.2453	2818.182	-74.84	Valencia_02_Combined_2017.wav	2412.3387	Whistle
212	Spectrogram 1	1	2416.758819	2416.927742	4000	7909.091	0.1689	3909.091	-82.74	Valencia_02_Combined_2017.wav	2416.7588	Whistle
213	Spectrogram 1	1	2420.05683	2421.134716	3954.545	19909.091	1.0779	15954.546	-68.68	Valencia_02_Combined_2017.wav	2420.0568	Whistle
214	Spectrogram 1	1	2423.039914	2423.981053	3731.2	21409.091	0.9411	17677.891	-61.57	Valencia_02_Combined_2017.wav	2423.0399	Whistle
215	Spectrogram 1	1	2427.153337	2427.497228	6681.818	15909.091	0.3439	9227.273	-85.27	Valencia_02_Combined_2017.wav	2427.1533	Whistle
216	Spectrogram 1	1	2427.780763	2428.022081	4500	16049.1	0.2413	11549.1	-90.54	Valencia_02_Combined_2017.wav	2427.7808	Whistle
217	Spectrogram 1	1	2429.773024	2432.192186	3016	15590.909	2.4192	12574.909	-84.45	Valencia_02_Combined_2017.wav	2429.773	Whistle
218	Spectrogram 1	1	2432.801726	2436.021961	2777.5	12181.818	3.2202	9404.318	-80.61	Valencia_02_Combined_2017.wav	2432.8017	Bout
219	Spectrogram 1	1	2436.160067	2436.554219	2590.909	11757.7	0.3942	9166.791	-81.4	Valencia_02_Combined_2017.wav	2436.1601	Whistle
220	Spectrogram 1	1	2437.923795	2439.870426	3045.455	15363.636	1.9466	12318.181	-78.16	Valencia_02_Combined_2017.wav	2437.9238	Whistle
221	Spectrogram 1	1	2440.280666	2440.598402	7500	11042.4	0.3177	3542.4	-77.36	Valencia_02_Combined_2017.wav	2440.2807	Whistle
222	Spectrogram 1	1	2441.124759	2442.872431	3731.2	20261	1.7477	16529.8	-77.5	Valencia_02_Combined_2017.wav	2441.1248	Whistle
223	Spectrogram 1	1	2445.014438	2447.037486	3500	20045.455	2.023	16545.455	-70.34	Valencia_02_Combined_2017.wav	2445.0144	Whistle
224	Spectrogram 1	1	2447.613479	2448.816046	2454.545	12681.818	1.2026	10227.273	-67.68	Valencia_02_Combined_2017.wav	2447.6135	Whistle
225	Spectrogram 1	1	2450.644213	2453.025216	5454.545	11636.364	2.381	6181.819	-76.44	Valencia_02_Combined_2017.wav	2450.6442	Whistle
226	Spectrogram 1	1	2457.916437	2458.318633	5454.545	22409.091	0.4022	16954.546	-57.57	Valencia_02_Combined_2017.wav	2457.9164	Whistle
227	Spectrogram 1	1	2485.482979	2486.085179	3722.449	6636.364	0.6022	2913.915	-89.66	Valencia_02_Combined_2017.wav	2485.483	Whistle
228	Spectrogram 1	1	2496.792743	2497.432235	6909.091	16923.2	0.6395	10014.109	-82.78	Valencia_02_Combined_2017.wav	2496.7927	Whistle
229	Spectrogram 1	1	2503.597907	2503.841234	7818.182	14106.122	0.2433	6287.94	-85.88	Valencia_02_Combined_2017.wav	2503.5979	Whistle
230	Spectrogram 1	1	2504.667749	2505.307242	7363.636	10863.636	0.6395	3500	-82.13	Valencia_02_Combined_2017.wav	2504.6677	Whistle
231	Spectrogram 1	1	2505.573096	2506.177229	7704.7	11121.9	0.6041	3417.2	-86.05	Valencia_02_Combined_2017.wav	2505.5731	Whistle
232	Spectrogram 1	1	2506.288601	2506.63449	5227.273	11636.364	0.3459	6409.091	-87.92	Valencia_02_Combined_2017.wav	2506.2886	Whistle
233	Spectrogram 1	1	2507.754607	2508.898856	5093.878	13812.245	1.1442	8718.367	-77.79	Valencia_02_Combined_2017.wav	2507.7546	Whistle
234	Spectrogram 1	1	2509.550414	2511.098871	5559	21772.727	1.5485	16213.727	-73.74	Valencia_02_Combined_2017.wav	2509.5504	Whistle
235	Spectrogram 1	1	2511.476935	2512.739832	3918.367	22363.636	1.2629	18445.269	-69.41	Valencia_02_Combined_2017.wav	2511.4769	Whistle
236	Spectrogram 1	1	2515.695976	2516.858324	6045.455	21909.091	1.1623	15863.636	-75.88	Valencia_02_Combined_2017.wav	2515.696	Whistle
237	Spectrogram 1	1	2517.650651	2518.559615	3363.636	21363.636	0.909	18000	-67.12	Valencia_02_Combined_2017.wav	2517.6507	Whistle
238	Spectrogram 1	1	2522.979754	2523.888718	3590.909	20102.1	0.909	16511.191	-76.28	Valencia_02_Combined_2017.wav	2522.9798	Whistle
239	Spectrogram 1	1	2526.941389	2527.226948	3909.091	10227.273	0.2856	6318.182	-83.42	Valencia_02_Combined_2017.wav	2526.9414	Whistle
240	Spectrogram 1	1	2528.871932	2529.197711	5590.909	12000	0.3258	6409.091	-85.37	Valencia_02_Combined_2017.wav	2528.8719	Whistle
241	Spectrogram 1	1	2531.011415	2531.361326	8227.273	15045.455	0.3499	6818.182	-86.3	Valencia_02_Combined_2017.wav	2531.0114	Whistle
242	Spectrogram 1	1	2531.395513	2534.076152	3673.469	16163.265	2.6806	12489.796	-76.13	Valencia_02_Combined_2017.wav	2531.3955	Bout
243	Spectrogram 1	1	2534.200833	2534.667381	3545.455	10363.636	0.4665	6818.181	-80	Valencia_02_Combined_2017.wav	2534.2008	Whistle
244	Spectrogram 1	1	2534.667381	2535.974519	3818.182	22409.091	1.3071	18590.909	-69.53	Valencia_02_Combined_2017.wav	2534.6674	Whistle
245	Spectrogram 1	1	2536.654231	2537.979467	2448.98	15379.592	1.3252	12930.612	-76.67	Valencia_02_Combined_2017.wav	2536.6542	Bout
246	Spectrogram 1	1	2549.189473	2549.33374	5636.364	8578.9	0.1443	2942.536	-84.06	Valencia_02_Combined_2017.wav	2549.1895	Whistle
247	Spectrogram 1	1	2550.475978	2550.584571	6409.091	9850.4	0.1086	3441.309	-80.84	Valencia_02_Combined_2017.wav	2550.476	Whistle
248	Spectrogram 1	1	2553.331571	2553.468318	6409.091	7681.818	0.1367	1272.727	-79.43	Valencia_02_Combined_2017.wav	2553.3316	Whistle
249	Spectrogram 1	1	2553.983129	2554.433589	6818.182	10863.636	0.4505	4045.454	-80.21	Valencia_02_Combined_2017.wav	2553.9831	Whistle
250	Spectrogram 1	1	2558.640564	2558.773289	6727.273	14000	0.1327	7272.727	-76.73	Valencia_02_Combined_2017.wav	2558.6406	Whistle
251	Spectrogram 1	1	2561.230709	2561.343324	6590.909	10088.8	0.1126	3497.891	-79.29	Valencia_02_Combined_2017.wav	2561.2307	Whistle
252	Spectrogram 1	1	2563.221581	2564.186853	5000	17227.273	0.9653	12227.273	-74.35	Valencia_02_Combined_2017.wav	2563.2216	Whistle
253	Spectrogram 1	1	2564.75395	2565.83988	3636.364	16363.636	1.0859	12727.272	-73.44	Valencia_02_Combined_2017.wav	2564.7539	Whistle
254	Spectrogram 1	1	2571.595311	2572.057569	4408.163	13727.273	0.4623	9319.11	-86.29	Valencia_02_Combined_2017.wav	2571.5953	Whistle
255	Spectrogram 1	1	2573.481613	2574.060776	7454.545	15181.818	0.5792	7727.273	-73.16	Valencia_02_Combined_2017.wav	2573.4816	Whistle
256	Spectrogram 1	1	2580.773166	2581.25178	7297.959	9453.061	0.4786	2155.102	-83.16	Valencia_02_Combined_2017.wav	2580.7732	Whistle
257	Spectrogram 1	1	2581.424993	2581.626091	6194.8	14909.091	0.2011	8714.291	-83.71	Valencia_02_Combined_2017.wav	2581.425	Whistle
258	Spectrogram 1	1	2586.898886	2587.043677	9727.273	12590.909	0.1448	2863.636	-92.6	Valencia_02_Combined_2017.wav	2586.8989	Whistle
259	Spectrogram 1	1	2601.603188	2601.945055	6115.3	10318.182	0.3419	4202.882	-90.63	Valencia_02_Combined_2017.wav	2601.6032	Whistle
260	Spectrogram 1	1	2603.035008	2603.507742	6115.3	11000	0.4727	4884.7	-86.46	Valencia_02_Combined_2017.wav	2603.035	Whistle
261	Spectrogram 1	1	2622.020189	2622.991127	6409.091	12155	0.9709	5745.909	-85.74	Valencia_02_Combined_2017.wav	2622.0202	Bout
262	Spectrogram 1	1	2630.00141	2630.572529	5956.4	9681.818	0.5711	3725.418	-87.11	Valencia_02_Combined_2017.wav	2630.0014	Whistle
263	Spectrogram 1	1	2630.801781	2631.131582	6136.364	7272.727	0.3298	1136.363	-91.71	Valencia_02_Combined_2017.wav	2630.8018	Whistle
264	Spectrogram 1	1	2647.134972	2648.675391	6045.455	21772.727	1.5404	15727.272	-86.08	Valencia_02_Combined_2017.wav	2647.135	Whistle
265	Spectrogram 1	1	2649.459674	2650.670285	4272.727	22545.455	1.2106	18272.728	-68.74	Valencia_02_Combined_2017.wav	2649.4597	Whistle
266	Spectrogram 1	1	2687.229942	2687.628117	4843.8	11909.091	0.3982	7065.291	-88.57	Valencia_02_Combined_2017.wav	2687.2299	Whistle
267	Spectrogram 1	1	2687.781547	2688.018843	6710.204	11510.204	0.2373	4800	-87.65	Valencia_02_Combined_2017.wav	2687.7815	Whistle
268	Spectrogram 1	1	2690.503278	2690.600348	7272.727	10247.7	0.0971	2974.973	-78.39	Valencia_02_Combined_2017.wav	2690.5033	Whistle
269	Spectrogram 1	1	2690.6647	2691.42284	6367.347	9909.091	0.7581	3541.744	-81.39	Valencia_02_Combined_2017.wav	2690.6647	Whistle
270	Spectrogram 1	1	2693.866184	2694.095435	11272.727	18454.545	0.2293	7181.818	-78.63	Valencia_02_Combined_2017.wav	2693.8662	Whistle
271	Spectrogram 1	1	2698.825266	2699.219418	6590.909	21294.1	0.3942	14703.191	-67.97	Valencia_02_Combined_2017.wav	2698.8253	Whistle
272	Spectrogram 1	1	2700.719639	2701.075835	9954.545	18272.727	0.3562	8318.182	-68.2	Valencia_02_Combined_2017.wav	2700.7196	Whistle
273	Spectrogram 1	1	2701.14823	2701.421723	8545.455	21772.727	0.2735	13227.272	-64.21	Valencia_02_Combined_2017.wav	2701.1482	Whistle
274	Spectrogram 1	1	2702.632335	2703.006716	9545.455	18830.5	0.3744	9285.045	-69.35	Valencia_02_Combined_2017.wav	2702.6323	Whistle
275	Spectrogram 1	1	2703.40053	2703.754463	7307.3	13863.636	0.3539	6556.336	-60.97	Valencia_02_Combined_2017.wav	2703.4005	Whistle
276	Spectrogram 1	1	2703.795104	2703.968049	3409.091	10681.818	0.1729	7272.727	-68.53	Valencia_02_Combined_2017.wav	2703.7951	Whistle
277	Spectrogram 1	1	2711.094968	2711.348352	7136.364	11727.273	0.2534	4590.909	-76.75	Valencia_02_Combined_2017.wav	2711.095	Whistle
278	Spectrogram 1	1	2712.813147	2712.989313	7363.636	13267.6	0.1762	5903.964	-80.6	Valencia_02_Combined_2017.wav	2712.8131	Whistle
279	Spectrogram 1	1	2713.037577	2713.262807	3090.909	11090.909	0.2252	8000	-87.21	Valencia_02_Combined_2017.wav	2713.0376	Whistle
280	Spectrogram 1	1	2826.440882	2826.930064	4636.364	9135.2	0.4892	4498.836	-89.73	Valencia_02_Combined_2017.wav	2826.4409	Whistle
281	Spectrogram 1	1	2830.414582	2830.716687	9294.1	13347.1	0.3021	4053	-78.44	Valencia_02_Combined_2017.wav	2830.4146	Whistle
282	Spectrogram 1	1	2872.542304	2873.119798	2636.364	6592.1	0.5775	3955.736	-79.72	Valencia_02_Combined_2017.wav	2872.5423	Bout
283	Spectrogram 1	1	2876.695723	2877.68875	4227.273	9991.837	0.993	5764.564	-64.5	Valencia_02_Combined_2017.wav	2876.6957	Whistle
284	Spectrogram 1	1	2878.251825	2880.07709	2221.3	10530.612	1.8253	8309.312	-82.8	Valencia_02_Combined_2017.wav	2878.2518	Bout
285	Spectrogram 1	1	2916.287543	2916.585169	7272.727	14909.091	0.2976	7636.364	-78.14	Valencia_02_Combined_2017.wav	2916.2875	Whistle
286	Spectrogram 1	1	2918.559246	2918.913886	3918.367	12681.818	0.3546	8763.451	-82.96	Valencia_02_Combined_2017.wav	2918.5592	Whistle
287	Spectrogram 1	1	2919.046611	2919.311353	7272.727	13959.184	0.2647	6686.457	-83.21	Valencia_02_Combined_2017.wav	2919.0466	Whistle
288	Spectrogram 1	1	2919.440763	2919.730345	6545.455	10272.727	0.2896	3727.272	-79.18	Valencia_02_Combined_2017.wav	2919.4408	Whistle
289	Spectrogram 1	1	2923.020312	2923.334025	6136.364	15272.727	0.3137	9136.363	-82.71	Valencia_02_Combined_2017.wav	2923.0203	Whistle
290	Spectrogram 1	1	2923.42653	2923.663826	7727.273	14636.364	0.2373	6909.091	-78.44	Valencia_02_Combined_2017.wav	2923.4265	Whistle
291	Spectrogram 1	1	2923.83677	2924.130374	7954.545	14136.364	0.2936	6181.819	-76.04	Valencia_02_Combined_2017.wav	2923.8368	Whistle
292	Spectrogram 1	1	2926.551596	2926.925639	4090.909	16318.182	0.374	12227.273	-81.81	Valencia_02_Combined_2017.wav	2926.5516	Whistle
293	Spectrogram 1	1	2926.994013	2927.388165	6409.091	16272.727	0.3942	9863.636	-85.21	Valencia_02_Combined_2017.wav	2926.994	Whistle
294	Spectrogram 1	1	2927.468604	2927.870801	6409.091	17954.545	0.4022	11545.454	-86.42	Valencia_02_Combined_2017.wav	2927.4686	Whistle
295	Spectrogram 1	1	2929.913252	2930.070815	7200	12409.091	0.1576	5209.091	-82.26	Valencia_02_Combined_2017.wav	2929.9133	Whistle
296	Spectrogram 1	1	2930.884664	2931.682983	4525.9	18115.3	0.7983	13589.4	-83.35	Valencia_02_Combined_2017.wav	2930.8847	Whistle
297	Spectrogram 1	1	2934.776514	2935.098271	4772.727	14818.182	0.3218	10045.455	-84.98	Valencia_02_Combined_2017.wav	2934.7765	Whistle
298	Spectrogram 1	1	2935.162622	2935.508511	4500	14545.455	0.3459	10045.455	-80.46	Valencia_02_Combined_2017.wav	2935.1626	Whistle
299	Spectrogram 1	1	2941.098335	2942.40618	3183.673	19818.182	1.3078	16634.509	-82.24	Valencia_02_Combined_2017.wav	2941.0983	Whistle
300	Spectrogram 1	1	2949.850837	2950.257055	3636.364	14590.909	0.4062	10954.545	-83.87	Valencia_02_Combined_2017.wav	2949.8508	Whistle
301	Spectrogram 1	1	2950.332765	2950.627076	5583.673	15181.818	0.2943	9598.145	-80.68	Valencia_02_Combined_2017.wav	2950.3328	Whistle
302	Spectrogram 1	1	2950.714852	2951.08558	5289.796	16181.818	0.3707	10892.022	-78.68	Valencia_02_Combined_2017.wav	2950.7149	Whistle
303	Spectrogram 1	1	2953.820516	2954.230756	1818.182	6545.455	0.4102	4727.273	-83.03	Valencia_02_Combined_2017.wav	2953.8205	Whistle
304	Spectrogram 1	1	2961.039942	2961.285282	8454.545	10227.273	0.2453	1772.728	-76.64	Valencia_02_Combined_2017.wav	2961.0399	Whistle
305	Spectrogram 1	1	2963.557691	2963.71857	2136.364	8409.091	0.1609	6272.727	-75.66	Valencia_02_Combined_2017.wav	2963.5577	Whistle
306	Spectrogram 1	1	2973.6488	2973.982623	5181.818	16000	0.3338	10818.182	-74.57	Valencia_02_Combined_2017.wav	2973.6488	Whistle
307	Spectrogram 1	1	2974.81517	2977.147909	5318.182	11545.455	2.3327	6227.273	-77.34	Valencia_02_Combined_2017.wav	2974.8152	Whistle
308	Spectrogram 1	1	2980.807897	2981.033127	8318.182	13727.273	0.2252	5409.091	-73.45	Valencia_02_Combined_2017.wav	2980.8079	Whistle
309	Spectrogram 1	1	2981.20063	2982.259826	3818.182	22009.3	1.0592	18191.118	-62.5	Valencia_02_Combined_2017.wav	2981.2006	Whistle
310	Spectrogram 1	1	2983.591097	2983.67958	9227.273	11363.636	0.0885	2136.363	-64.07	Valencia_02_Combined_2017.wav	2983.5911	Whistle
311	Spectrogram 1	1	2986.386362	2986.58746	10318.182	14409.091	0.2011	4090.909	-70.05	Valencia_02_Combined_2017.wav	2986.3864	Whistle
312	Spectrogram 1	1	2987.07814	2987.206843	10772.727	12500	0.1287	1727.273	-72.05	Valencia_02_Combined_2017.wav	2987.0781	Whistle
313	Spectrogram 1	1	2988.180563	2988.566267	6272.727	13136.364	0.3857	6863.637	-78.99	Valencia_02_Combined_2017.wav	2988.1806	Whistle
314	Spectrogram 1	1	2988.642684	2988.81965	7590.909	10727.273	0.177	3136.364	-74.88	Valencia_02_Combined_2017.wav	2988.6427	Whistle
315	Spectrogram 1	1	2993.62992	2994.337786	3636.364	18090.909	0.7079	14454.545	-76.78	Valencia_02_Combined_2017.wav	2993.6299	Whistle
316	Spectrogram 1	1	3001.243499	3002.498351	4409.091	20817.3	1.2549	16408.209	-79.77	Valencia_02_Combined_2017.wav	3001.2435	Whistle
317	Spectrogram 1	1	3005.571132	3005.671681	9954.545	15454.545	0.1005	5500	-78.58	Valencia_02_Combined_2017.wav	3005.5711	Whistle
318	Spectrogram 1	1	3006.91849	3007.911916	3636.364	19863.6	0.9934	16227.236	-69.94	Valencia_02_Combined_2017.wav	3006.9185	Whistle
319	Spectrogram 1	1	3008.853055	3009.670561	3636.364	18274.2	0.8175	14637.836	-64.09	Valencia_02_Combined_2017.wav	3008.8531	Whistle
320	Spectrogram 1	1	3010.280853	3010.64149	3651.7	15727.273	0.3606	12075.573	-66.04	Valencia_02_Combined_2017.wav	3010.2809	Whistle
321	Spectrogram 1	1	3011.596035	3011.736804	1909.091	7590.909	0.1408	5681.818	-80.34	Valencia_02_Combined_2017.wav	3011.596	Whistle
322	Spectrogram 1	1	3012.062583	3012.235527	3818.182	5590.909	0.1729	1772.727	-70.61	Valencia_02_Combined_2017.wav	3012.0626	Whistle
323	Spectrogram 1	1	3013.558754	3013.989104	5181.818	14863.636	0.4304	9681.818	-80.35	Valencia_02_Combined_2017.wav	3013.5588	Whistle
324	Spectrogram 1	1	3014.081609	3014.79279	5828.571	15036.735	0.7112	9208.163	-77.95	Valencia_02_Combined_2017.wav	3014.0816	Whistle
325	Spectrogram 1	1	3016.422392	3016.655666	8681.818	9954.545	0.2333	1272.727	-78.11	Valencia_02_Combined_2017.wav	3016.4224	Whistle
326	Spectrogram 1	1	3022.093362	3022.350768	9045.455	11227.273	0.2574	2181.818	-74.13	Valencia_02_Combined_2017.wav	3022.0934	Whistle
327	Spectrogram 1	1	3023.026458	3023.484962	4909.091	7545.8	0.4585	2636.709	-60.58	Valencia_02_Combined_2017.wav	3023.0265	Whistle
328	Spectrogram 1	1	3027.816257	3028.009672	7863.636	11409.091	0.1934	3545.455	-59.17	Valencia_02_Combined_2017.wav	3027.8163	Whistle
329	Spectrogram 1	1	3028.343495	3028.49633	8590.909	13136.364	0.1528	4545.455	-54.77	Valencia_02_Combined_2017.wav	3028.3435	Whistle
330	Spectrogram 1	1	3028.644436	3029.046632	10579.592	13322.449	0.4022	2742.857	-58.25	Valencia_02_Combined_2017.wav	3028.6444	Whistle
331	Spectrogram 1	1	3029.119734	3029.41736	7681.818	12954.545	0.2976	5272.727	-56.64	Valencia_02_Combined_2017.wav	3029.1197	Whistle
332	Spectrogram 1	1	3029.887929	3030.048808	9818.182	15272.727	0.1609	5454.545	-65.46	Valencia_02_Combined_2017.wav	3029.8879	Whistle
333	Spectrogram 1	1	3030.322302	3030.808959	4727.273	16367	0.4867	11639.727	-73.3	Valencia_02_Combined_2017.wav	3030.3223	Whistle
334	Spectrogram 1	1	3030.839157	3032.164394	3636.364	20772.727	1.3252	17136.363	-58.47	Valencia_02_Combined_2017.wav	3030.8392	Bout
335	Spectrogram 1	1	3032.590722	3033.628389	3954.545	22545.455	1.0377	18590.91	-55.97	Valencia_02_Combined_2017.wav	3032.5907	Whistle
336	Spectrogram 1	1	3035.22913	3036.190379	3818.182	22363.636	0.9612	18545.454	-57.94	Valencia_02_Combined_2017.wav	3035.2291	Whistle
337	Spectrogram 1	1	3040.988583	3041.560365	7227.273	12870.3	0.5718	5643.027	-87.91	Valencia_02_Combined_2017.wav	3040.9886	Whistle
338	Spectrogram 1	1	3043.603087	3044.421328	3624.49	20976.2	0.8182	17351.71	-74.15	Valencia_02_Combined_2017.wav	3043.6031	Bout
339	Spectrogram 1	1	3044.483897	3044.932118	4818.182	12195.918	0.4482	7377.736	-69.92	Valencia_02_Combined_2017.wav	3044.4839	Whistle
340	Spectrogram 1	1	3053.304064	3054.176831	4681.818	12045.455	0.8728	7363.637	-62.81	Valencia_02_Combined_2017.wav	3053.3041	Whistle
341	Spectrogram 1	1	3054.506632	3055.073729	4000	21454.545	0.5671	17454.545	-60.63	Valencia_02_Combined_2017.wav	3054.5066	Whistle
342	Spectrogram 1	1	3055.573583	3056.30558	4636.364	21294.1	0.732	16657.736	-54.67	Valencia_02_Combined_2017.wav	3055.5736	Whistle
343	Spectrogram 1	1	3063.36815	3063.545116	5772.727	9272.727	0.177	3500	-77.54	Valencia_02_Combined_2017.wav	3063.3682	Whistle
344	Spectrogram 1	1	3063.822632	3064.168521	8272.727	17500	0.3459	9227.273	-81.47	Valencia_02_Combined_2017.wav	3063.8226	Whistle
345	Spectrogram 1	1	3070.133094	3070.302017	5272.727	9954.545	0.1689	4681.818	-59.73	Valencia_02_Combined_2017.wav	3070.1331	Whistle
346	Spectrogram 1	1	3071.436211	3071.657419	10681.818	12454.545	0.2212	1772.727	-70.27	Valencia_02_Combined_2017.wav	3071.4362	Whistle
347	Spectrogram 1	1	3094.634902	3094.87622	4090.909	7227.273	0.2413	3136.364	-78.81	Valencia_02_Combined_2017.wav	3094.6349	Whistle
348	Spectrogram 1	1	3096.653928	3096.919378	4136.364	17000	0.2654	12863.636	-65.2	Valencia_02_Combined_2017.wav	3096.6539	Whistle
349	Spectrogram 1	1	3097.711705	3098.170208	2454.545	20419.9	0.4585	17965.355	-67.14	Valencia_02_Combined_2017.wav	3097.7117	Whistle
350	Spectrogram 1	1	3098.676976	3098.990689	2363.636	14954.545	0.3137	12590.909	-72.35	Valencia_02_Combined_2017.wav	3098.677	Whistle
351	Spectrogram 1	1	3101.22288	3101.556703	3681.818	5272.727	0.3338	1590.909	-77.68	Valencia_02_Combined_2017.wav	3101.2229	Whistle
352	Spectrogram 1	1	3115.22736	3115.794457	5272.727	16208	0.5671	10935.273	-79.68	Valencia_02_Combined_2017.wav	3115.2274	Whistle
353	Spectrogram 1	1	3115.983489	3116.208719	8863.636	12045.455	0.2252	3181.819	-78.39	Valencia_02_Combined_2017.wav	3115.9835	Whistle
354	Spectrogram 1	1	3117.519774	3118.191548	9409.091	17909.091	0.6718	8500	-87.85	Valencia_02_Combined_2017.wav	3117.5198	Whistle
355	Spectrogram 1	1	3118.320251	3118.843106	3818.182	16909.091	0.5229	13090.909	-89.2	Valencia_02_Combined_2017.wav	3118.3203	Whistle
356	Spectrogram 1	1	3119.744026	3119.912948	8681.818	17956.4	0.1689	9274.582	-82.17	Valencia_02_Combined_2017.wav	3119.744	Whistle
357	Spectrogram 1	1	3120.005454	3120.238728	12000	18136.364	0.2333	6136.364	-80.79	Valencia_02_Combined_2017.wav	3120.0055	Whistle
358	Spectrogram 1	1	3121.067252	3121.191933	7636.364	10909.091	0.1247	3272.727	-84.01	Valencia_02_Combined_2017.wav	3121.0673	Whistle
359	Spectrogram 1	1	3122.460744	3122.788653	11045.455	18545.455	0.3279	7500	-69.61	Valencia_02_Combined_2017.wav	3122.4607	Whistle
360	Spectrogram 1	1	3122.881158	3123.556848	5318.182	23045.455	0.6757	17727.273	-65.7	Valencia_02_Combined_2017.wav	3122.8812	Whistle
361	Spectrogram 1	1	3123.946979	3125.081826	3477.551	20737.8	1.1348	17260.249	-69.98	Valencia_02_Combined_2017.wav	3123.947	Bout
362	Spectrogram 1	1	3126.702024	3126.907145	10227.273	15500	0.2051	5272.727	-74.26	Valencia_02_Combined_2017.wav	3126.702	Whistle
363	Spectrogram 1	1	3126.984215	3128.138537	4751.02	21818.182	1.1543	17067.162	-71.25	Valencia_02_Combined_2017.wav	3126.9842	Bout
364	Spectrogram 1	1	3128.153954	3128.963039	6272.727	15183.673	0.8091	8910.946	-79.37	Valencia_02_Combined_2017.wav	3128.154	Whistle
365	Spectrogram 1	1	3129.70241	3129.975904	5136.364	15590.909	0.2735	10454.545	-60.75	Valencia_02_Combined_2017.wav	3129.7024	Whistle
366	Spectrogram 1	1	3132.035149	3132.666598	5181.818	20545.455	0.6314	15363.637	-60.85	Valencia_02_Combined_2017.wav	3132.0351	Whistle
367	Spectrogram 1	1	3133.008465	3133.362398	5590.909	20727.273	0.3539	15136.364	-60.63	Valencia_02_Combined_2017.wav	3133.0085	Whistle
368	Spectrogram 1	1	3134.182008	3134.624425	6906.122	17240.816	0.4424	10334.694	-67.13	Valencia_02_Combined_2017.wav	3134.182	Whistle
369	Spectrogram 1	1	3142.720638	3143.090658	11590.909	16090.909	0.37	4500	-62.26	Valencia_02_Combined_2017.wav	3142.7206	Whistle
370	Spectrogram 1	1	3143.428503	3143.798524	5409.091	15575.51	0.37	10166.419	-64.13	Valencia_02_Combined_2017.wav	3143.4285	Whistle
371	Spectrogram 1	1	3147.140777	3148.47808	3722.449	20636.364	1.3373	16913.915	-78.85	Valencia_02_Combined_2017.wav	3147.1408	Whistle
372	Spectrogram 1	1	3163.522238	3164.704696	3909.091	18661.224	1.1825	14752.133	-68.96	Valencia_02_Combined_2017.wav	3163.5222	Whistle
373	Spectrogram 1	1	3165.160265	3165.629747	4727.273	13426.6	0.4695	8699.327	-77.55	Valencia_02_Combined_2017.wav	3165.1603	Whistle
374	Spectrogram 1	1	3165.690077	3165.939439	4727.273	12090.909	0.2494	7363.636	-75.07	Valencia_02_Combined_2017.wav	3165.6901	Whistle
375	Spectrogram 1	1	3166.088251	3166.237064	6954.545	10818.182	0.1488	3863.637	-75.79	Valencia_02_Combined_2017.wav	3166.0883	Whistle
376	Spectrogram 1	1	3168.252068	3168.437079	1727.273	9772.727	0.185	8045.454	-67.69	Valencia_02_Combined_2017.wav	3168.2521	Whistle
377	Spectrogram 1	1	3168.674374	3168.891561	5909.091	16181.818	0.2172	10272.727	-65.14	Valencia_02_Combined_2017.wav	3168.6744	Whistle
378	Spectrogram 1	1	3169.281691	3169.494855	8454.545	22565.6	0.2132	14111.055	-57.23	Valencia_02_Combined_2017.wav	3169.2817	Whistle
379	Spectrogram 1	1	3169.945315	3170.146413	10045.455	22500	0.2011	12454.545	-61.55	Valencia_02_Combined_2017.wav	3169.9453	Whistle
380	Spectrogram 1	1	3170.480236	3170.665247	8954.545	21770.9	0.185	12816.355	-60.11	Valencia_02_Combined_2017.wav	3170.4802	Whistle
381	Spectrogram 1	1	3174.421762	3175.017012	6433.2	17863.636	0.5953	11430.436	-63.06	Valencia_02_Combined_2017.wav	3174.4218	Bout
382	Spectrogram 1	1	3177.768036	3178.43166	3909.091	17241.1	0.6636	13332.009	-71.19	Valencia_02_Combined_2017.wav	3177.768	Whistle
383	Spectrogram 1	1	3178.584495	3178.725264	4454.545	10863.636	0.1408	6409.091	-69.29	Valencia_02_Combined_2017.wav	3178.5845	Whistle
384	Spectrogram 1	1	3178.946472	3179.195833	5681.818	9363.636	0.2494	3681.818	-74.73	Valencia_02_Combined_2017.wav	3178.9465	Whistle
385	Spectrogram 1	1	3179.18779	3179.702601	3863.636	17181.818	0.5148	13318.182	-70.79	Valencia_02_Combined_2017.wav	3179.1878	Whistle
386	Spectrogram 1	1	3179.855436	3180.02838	10727.273	14772.727	0.1729	4045.454	-67.72	Valencia_02_Combined_2017.wav	3179.8554	Whistle
387	Spectrogram 1	1	3180.157083	3180.29383	14000	16409.091	0.1367	2409.091	-70.89	Valencia_02_Combined_2017.wav	3180.1571	Whistle
388	Spectrogram 1	1	3180.643741	3180.856905	10090.909	14936.5	0.2132	4845.591	-69.7	Valencia_02_Combined_2017.wav	3180.6437	Whistle
389	Spectrogram 1	1	3180.90919	3181.110289	7545.455	13500	0.2011	5954.545	-73.84	Valencia_02_Combined_2017.wav	3180.9092	Whistle
390	Spectrogram 1	1	3181.6251	3181.878484	9214.6	14136.364	0.2534	4921.764	-76.25	Valencia_02_Combined_2017.wav	3181.6251	Whistle
391	Spectrogram 1	1	3188.550923	3189.307052	4090.909	18954.545	0.7561	14863.636	-74.36	Valencia_02_Combined_2017.wav	3188.5509	Whistle
392	Spectrogram 1	1	3189.934479	3190.529729	4727.273	16318.182	0.5953	11590.909	-81.13	Valencia_02_Combined_2017.wav	3189.9345	Whistle
393	Spectrogram 1	1	3191.35021	3191.672183	6500	12949.7	0.322	6449.7	-81.26	Valencia_02_Combined_2017.wav	3191.3502	Whistle
394	Spectrogram 1	1	3195.348041	3195.770347	3722.449	12293.878	0.4223	8571.429	-87.26	Valencia_02_Combined_2017.wav	3195.348	Whistle
395	Spectrogram 1	1	3198.851174	3199.900906	4272.727	16995.918	1.0497	12723.191	-78.08	Valencia_02_Combined_2017.wav	3198.8512	Whistle
396	Spectrogram 1	1	3220.690441	3221.156989	3772.727	15681.818	0.4665	11909.091	-79.33	Valencia_02_Combined_2017.wav	3220.6904	Whistle
397	Spectrogram 1	1	3221.237428	3221.531031	7136.364	15681.818	0.2936	8545.454	-77.53	Valencia_02_Combined_2017.wav	3221.2374	Whistle
398	Spectrogram 1	1	3221.635602	3221.961382	6681.818	15772.727	0.3258	9090.909	-78.09	Valencia_02_Combined_2017.wav	3221.6356	Whistle
399	Spectrogram 1	1	3224.607834	3225.11058	4136.364	14500	0.5027	10363.636	-80.32	Valencia_02_Combined_2017.wav	3224.6078	Whistle
400	Spectrogram 1	1	3225.174931	3225.408205	6318.182	14227.273	0.2333	7909.091	-78.54	Valencia_02_Combined_2017.wav	3225.1749	Whistle
401	Spectrogram 1	1	3225.577128	3225.935082	6590.909	13636.364	0.358	7045.455	-77.44	Valencia_02_Combined_2017.wav	3225.5771	Whistle
402	Spectrogram 1	1	3232.15304	3232.929279	4909.091	9318.182	0.7762	4409.091	-83.82	Valencia_02_Combined_2017.wav	3232.153	Whistle
403	Spectrogram 1	1	3243.59955	3244.713635	3909.091	18910	1.1141	15000.909	-78.07	Valencia_02_Combined_2017.wav	3243.5996	Whistle
404	Spectrogram 1	1	3247.500856	3247.661735	7272.727	12075.6	0.1609	4802.873	-72.24	Valencia_02_Combined_2017.wav	3247.5009	Whistle
405	Spectrogram 1	1	3247.726086	3247.866855	7500	12045.455	0.1408	4545.455	-75.32	Valencia_02_Combined_2017.wav	3247.7261	Whistle
406	Spectrogram 1	1	3257.421821	3258.83924	3772.727	22454.545	1.4174	18681.818	-80.94	Valencia_02_Combined_2017.wav	3257.4218	Whistle
407	Spectrogram 1	1	3272.628867	3273.010953	4000	5863.636	0.3821	1863.636	-76.39	Valencia_02_Combined_2017.wav	3272.6289	Whistle
408	Spectrogram 1	1	3277.044984	3277.571861	5909.091	16636.364	0.5269	10727.273	-82.56	Valencia_02_Combined_2017.wav	3277.045	Whistle
409	Spectrogram 1	1	3277.591971	3277.970035	6136.364	19045.455	0.3781	12909.091	-80.86	Valencia_02_Combined_2017.wav	3277.592	Whistle
410	Spectrogram 1	1	3278.014277	3278.376254	5863.636	19409.091	0.362	13545.455	-79	Valencia_02_Combined_2017.wav	3278.0143	Whistle
411	Spectrogram 1	1	3280.741169	3281.074992	5590.909	10636.364	0.3338	5045.455	-77.02	Valencia_02_Combined_2017.wav	3280.7412	Whistle
412	Spectrogram 1	1	3284.26441	3285.18544	4045.455	19818.182	0.921	15772.727	-76.58	Valencia_02_Combined_2017.wav	3284.2644	Whistle
413	Spectrogram 1	1	3285.857108	3286.170821	6590.909	12545.455	0.3137	5954.546	-76.99	Valencia_02_Combined_2017.wav	3285.8571	Whistle
414	Spectrogram 1	1	3303.39667	3306.076745	2546.939	20102.1	2.6801	17555.161	-74.95	Valencia_02_Combined_2017.wav	3303.3967	Bout
415	Spectrogram 1	1	3306.586088	3306.956108	7045.455	19136.364	0.37	12090.909	-81.01	Valencia_02_Combined_2017.wav	3306.5861	Whistle
416	Spectrogram 1	1	3307.273841	3307.442763	7863.636	9545.455	0.1689	1681.819	-71.44	Valencia_02_Combined_2017.wav	3307.2738	Whistle
417	Spectrogram 1	1	3310.720317	3311.017942	5227.273	10272.727	0.2976	5045.454	-77.22	Valencia_02_Combined_2017.wav	3310.7203	Whistle
418	Spectrogram 1	1	3312.654439	3313.032504	4909.091	11818.182	0.3781	6909.091	-75.79	Valencia_02_Combined_2017.wav	3312.6544	Whistle
419	Spectrogram 1	1	3313.120987	3313.45481	6409.091	13136.364	0.3338	6727.273	-77.5	Valencia_02_Combined_2017.wav	3313.121	Whistle
420	Spectrogram 1	1	3313.547315	3313.889182	7500	10409.091	0.3419	2909.091	-73.69	Valencia_02_Combined_2017.wav	3313.5473	Whistle
421	Spectrogram 1	1	3315.811679	3316.226841	9214.6	11636.364	0.4152	2421.764	-80.26	Valencia_02_Combined_2017.wav	3315.8117	Whistle
422	Spectrogram 1	1	3316.507331	3319.021133	6612.245	21929.9	2.5138	15317.655	-81.11	Valencia_02_Combined_2017.wav	3316.5073	Bout
423	Spectrogram 1	1	3319.150416	3319.851642	8578.9	13823.9	0.7012	5245	-82.35	Valencia_02_Combined_2017.wav	3319.1504	Whistle
424	Spectrogram 1	1	3320.243177	3320.94124	8045.455	12790.8	0.6981	4745.345	-77.6	Valencia_02_Combined_2017.wav	3320.2432	Whistle
425	Spectrogram 1	1	3323.726829	3324.060652	8571.429	13322.449	0.3338	4751.02	-86.97	Valencia_02_Combined_2017.wav	3323.7268	Whistle
426	Spectrogram 1	1	3325.105731	3325.322917	3954.545	19307.3	0.2172	15352.755	-65.91	Valencia_02_Combined_2017.wav	3325.1057	Whistle
427	Spectrogram 1	1	3325.435532	3325.894036	4409.091	19727.273	0.4585	15318.182	-63.62	Valencia_02_Combined_2017.wav	3325.4355	Whistle
428	Spectrogram 1	1	3327.861408	3329.019102	4636.364	20500	1.1577	15863.636	-60.84	Valencia_02_Combined_2017.wav	3327.8614	Bout
429	Spectrogram 1	1	3328.954751	3329.69077	3771.429	19151.02	0.736	15379.592	-72.93	Valencia_02_Combined_2017.wav	3328.9548	Whistle
430	Spectrogram 1	1	3329.743056	3330.060791	4045.455	6136.364	0.3177	2090.909	-73.92	Valencia_02_Combined_2017.wav	3329.7431	Whistle
431	Spectrogram 1	1	3330.704519	3331.955939	3771.429	19068.9	1.2514	15297.471	-77.6	Valencia_02_Combined_2017.wav	3330.7045	Whistle
432	Spectrogram 1	1	3337.781582	3338.571018	4636.364	16604.082	0.7894	11967.718	-82.73	Valencia_02_Combined_2017.wav	3337.7816	Whistle
433	Spectrogram 1	1	3343.330133	3344.227031	4310.204	16049.1	0.8969	11738.896	-75.73	Valencia_02_Combined_2017.wav	3343.3301	Whistle
434	Spectrogram 1	1	3354.213569	3355.211015	3890.1	14454.545	0.9974	10564.445	-78.75	Valencia_02_Combined_2017.wav	3354.2136	Whistle
435	Spectrogram 1	1	3366.959174	3367.132118	8954.545	14409.091	0.1729	5454.546	-67.12	Valencia_02_Combined_2017.wav	3366.9592	Whistle
436	Spectrogram 1	1	3388.270158	3388.738111	4136.364	15636.364	0.468	11500	-85.65	Valencia_02_Combined_2017.wav	3388.2702	Whistle
437	Spectrogram 1	1	3388.790397	3389.108132	4954.545	14136.364	0.3177	9181.819	-85.19	Valencia_02_Combined_2017.wav	3388.7904	Whistle
438	Spectrogram 1	1	3389.478153	3389.791866	6000	9000	0.3137	3000	-89.15	Valencia_02_Combined_2017.wav	3389.4782	Whistle
439	Spectrogram 1	1	3401.069455	3401.371102	7272.727	10090.909	0.3016	2818.182	-83.98	Valencia_02_Combined_2017.wav	3401.0695	Whistle
440	Spectrogram 1	1	3420.157697	3421.122969	2987.755	12000	0.9653	9012.245	-85.16	Valencia_02_Combined_2017.wav	3420.1577	Whistle
441	Spectrogram 1	1	3421.195365	3421.295914	7272.727	10181.818	0.1005	2909.091	-81.73	Valencia_02_Combined_2017.wav	3421.1954	Whistle
442	Spectrogram 1	1	3422.056065	3422.172702	7272.727	8090.909	0.1166	818.182	-88.49	Valencia_02_Combined_2017.wav	3422.0561	Whistle
443	Spectrogram 1	1	3425.048407	3426.206733	3500	22500	1.1583	19000	-72.3	Valencia_02_Combined_2017.wav	3425.0484	Whistle
444	Spectrogram 1	1	3428.27	3429.343865	3863.636	20658.3	1.0739	16794.664	-69.29	Valencia_02_Combined_2017.wav	3428.27	Whistle
445	Spectrogram 1	1	3434.572419	3435.576202	5318.182	11280.9	1.0038	5962.718	-83.46	Valencia_02_Combined_2017.wav	3434.5724	Whistle
446	Spectrogram 1	1	3441.455766	3442.351179	5161.7	9697.959	0.8954	4536.259	-88.29	Valencia_02_Combined_2017.wav	3441.4558	Bout
447	Spectrogram 1	1	3449.401402	3450.091168	5681.633	17730.612	0.6898	12048.98	-83.65	Valencia_02_Combined_2017.wav	3449.4014	Whistle
448	Spectrogram 1	1	3458.253745	3459.007864	4555.102	17500	0.7541	12944.898	-81.82	Valencia_02_Combined_2017.wav	3458.2537	Whistle
449	Spectrogram 1	1	3472.612159	3472.869564	3363.636	9746.939	0.2574	6383.303	-82.94	Valencia_02_Combined_2017.wav	3472.6122	Whistle
450	Spectrogram 1	1	3475.435578	3475.656786	8136.364	10565.6	0.2212	2429.236	-82.89	Valencia_02_Combined_2017.wav	3475.4356	Whistle
451	Spectrogram 1	1	3476.589881	3476.77087	8409.091	11045.455	0.181	2636.364	-79.35	Valencia_02_Combined_2017.wav	3476.5899	Whistle
452	Spectrogram 1	1	3477.8568	3478.701413	7318.182	16500	0.8446	9181.818	-79.65	Valencia_02_Combined_2017.wav	3477.8568	Whistle
453	Spectrogram 1	1	3486.442376	3487.123406	5241.1	10318.182	0.681	5077.082	-84.52	Valencia_02_Combined_2017.wav	3486.4424	Whistle
454	Spectrogram 1	1	3487.284285	3487.529625	6772.727	10136.364	0.2453	3363.637	-90.24	Valencia_02_Combined_2017.wav	3487.2843	Whistle
455	Spectrogram 1	1	3489.110257	3489.271135	4318.182	10227.273	0.1609	5909.091	-78.1	Valencia_02_Combined_2017.wav	3489.1103	Whistle
456	Spectrogram 1	1	3500.359691	3500.536657	3624.49	13136.364	0.177	9511.874	-81.72	Valencia_02_Combined_2017.wav	3500.3597	Whistle
457	Spectrogram 1	1	3501.035381	3501.284743	3636.364	11804.082	0.2494	8167.718	-81.98	Valencia_02_Combined_2017.wav	3501.0354	Whistle
458	Spectrogram 1	1	3508.62885	3508.721356	4727.273	11363.636	0.0925	6636.363	-79.16	Valencia_02_Combined_2017.wav	3508.6289	Whistle
459	Spectrogram 1	1	3513.515537	3513.676416	6194.8	8909.091	0.1609	2714.291	-86.42	Valencia_02_Combined_2017.wav	3513.5155	Whistle
460	Spectrogram 1	1	3513.768921	3514.802566	7272.727	10481.633	1.0336	3208.906	-87.8	Valencia_02_Combined_2017.wav	3513.7689	Whistle
461	Spectrogram 1	1	3526.643229	3526.940855	4318.182	15681.818	0.2976	11363.636	-76.13	Valencia_02_Combined_2017.wav	3526.6432	Whistle
462	Spectrogram 1	1	3529.22935	3530.62095	3085.714	19983.673	1.3916	16897.959	-80.91	Valencia_02_Combined_2017.wav	3529.2294	Whistle
463	Spectrogram 1	1	3531.465565	3531.678729	7318.182	9272.727	0.2132	1954.545	-67.95	Valencia_02_Combined_2017.wav	3531.4656	Whistle
464	Spectrogram 1	1	3536.907283	3537.096315	7363.636	8409.091	0.189	1045.455	-72.56	Valencia_02_Combined_2017.wav	3536.9073	Whistle
465	Spectrogram 1	1	3539.750811	3540.605479	4363.636	20865.306	0.8547	16501.67	-83	Valencia_02_Combined_2017.wav	3539.7508	Bout
466	Spectrogram 1	1	3543.563634	3543.933654	5045.455	8772.727	0.37	3727.272	-78.29	Valencia_02_Combined_2017.wav	3543.5636	Whistle
467	Spectrogram 1	1	3549.234604	3549.302977	6227.273	19386.8	0.0684	13159.527	-72.09	Valencia_02_Combined_2017.wav	3549.2346	Whistle
468	Spectrogram 1	1	3559.60725	3559.691711	3818.182	9363.636	0.0845	5545.454	-87.88	Valencia_02_Combined_2017.wav	3559.6073	Whistle
469	Spectrogram 1	1	3562.840909	3563.331589	2272.727	3254.4	0.4907	981.673	-81.64	Valencia_02_Combined_2017.wav	3562.8409	Whistle
470	Spectrogram 1	1	3617.225913	3617.338528	3590.909	10883.5	0.1126	7292.591	-87.17	Valencia_02_Combined_2017.wav	3617.2259	Whistle
471	Spectrogram 1	1	3638.425688	3638.847994	3545.455	14727.273	0.4223	11181.818	-84.63	Valencia_02_Combined_2017.wav	3638.4257	Whistle
472	Spectrogram 1	1	3653.057594	3653.383374	10000	19704.7	0.3258	9704.7	-90.57	Valencia_02_Combined_2017.wav	3653.0576	Whistle
473	Spectrogram 1	1	3663.914887	3665.378883	4800	20865.306	1.464	16065.306	-80	Valencia_02_Combined_2017.wav	3663.9149	Whistle
474	Spectrogram 1	1	3674.072359	3675.05774	3954.545	18073.469	0.9854	14118.924	-82.23	Valencia_02_Combined_2017.wav	3674.0724	Whistle
475	Spectrogram 1	1	3679.41755	3679.674955	12045.455	14181.818	0.2574	2136.363	-91.67	Valencia_02_Combined_2017.wav	3679.4175	Whistle
476	Spectrogram 1	1	3684.469137	3684.650125	8772.727	20272.727	0.181	11500	-91.28	Valencia_02_Combined_2017.wav	3684.4691	Whistle
477	Spectrogram 1	1	3686.319238	3686.697303	11216.327	17590.909	0.3781	6374.582	-92.54	Valencia_02_Combined_2017.wav	3686.3192	Whistle
478	Spectrogram 1	1	3736.954159	3737.23465	4053	5324.5	0.2805	1271.5	-86.08	Valencia_02_Combined_2017.wav	3736.9542	Whistle
479	Spectrogram 1	1	3748.249449	3748.615448	6045.455	8363.636	0.366	2318.181	-79.53	Valencia_02_Combined_2017.wav	3748.2494	Whistle
480	Spectrogram 1	1	3752.343809	3752.548929	7045.455	9227.273	0.2051	2181.818	-67.16	Valencia_02_Combined_2017.wav	3752.3438	Whistle
481	Spectrogram 1	1	3788.119183	3788.408765	5181.818	6500	0.2896	1318.182	-80.02	Valencia_02_Combined_2017.wav	3788.1192	Whistle
482	Spectrogram 1	1	3800.567163	3801.319271	4500	20090.909	0.7521	15590.909	-67.73	Valencia_02_Combined_2017.wav	3800.5672	Whistle
483	Spectrogram 1	1	3801.693313	3802.417267	4454.545	19363.636	0.724	14909.091	-67.25	Valencia_02_Combined_2017.wav	3801.6933	Whistle
484	Spectrogram 1	1	3802.71087	3803.40667	3227.273	19947	0.6958	16719.727	-61.59	Valencia_02_Combined_2017.wav	3802.7109	Whistle
485	Spectrogram 1	1	3807.975622	3808.89263	4727.273	15500	0.917	10772.727	-74.28	Valencia_02_Combined_2017.wav	3807.9756	Whistle
486	Spectrogram 1	1	3809.335046	3810.292273	4318.182	15090.909	0.9572	10772.727	-74.12	Valencia_02_Combined_2017.wav	3809.335	Whistle
487	Spectrogram 1	1	3812.307277	3812.633057	7090.909	10181.818	0.3258	3090.909	-84.52	Valencia_02_Combined_2017.wav	3812.3073	Whistle
488	Spectrogram 1	1	3823.271153	3823.681393	6000	22909.091	0.4102	16909.091	-61.64	Valencia_02_Combined_2017.wav	3823.2712	Whistle
489	Spectrogram 1	1	3825.077015	3825.217783	3454.545	5545.455	0.1408	2090.91	-67.42	Valencia_02_Combined_2017.wav	3825.077	Whistle
490	Spectrogram 1	1	3846.417558	3846.831532	6454.545	10092.7	0.414	3638.155	-79.42	Valencia_02_Combined_2017.wav	3846.4176	Whistle
491	Spectrogram 1	1	3850.841719	3851.772481	4818.182	10318.182	0.9308	5500	-68.15	Valencia_02_Combined_2017.wav	3850.8417	Whistle
492	Spectrogram 1	1	3860.124413	3860.932828	5632.653	17730.612	0.8084	12097.959	-64.02	Valencia_02_Combined_2017.wav	3860.1244	Whistle
493	Spectrogram 1	1	3863.37416	3863.909082	4500	8954.545	0.5349	4454.545	-77.03	Valencia_02_Combined_2017.wav	3863.3742	Whistle
494	Spectrogram 1	1	3865.80946	3866.412754	4818.182	7363.636	0.6033	2545.454	-78.32	Valencia_02_Combined_2017.wav	3865.8095	Whistle
495	Spectrogram 1	1	3866.776562	3867.382047	5583.673	12317.9	0.6055	6734.227	-78.39	Valencia_02_Combined_2017.wav	3866.7766	Whistle
496	Spectrogram 1	1	3867.899113	3868.720673	8818.182	18045.455	0.8216	9227.273	-77.57	Valencia_02_Combined_2017.wav	3867.8991	Whistle
497	Spectrogram 1	1	3884.248398	3884.529936	6954.545	13772.727	0.2815	6818.182	-75.75	Valencia_02_Combined_2017.wav	3884.2484	Whistle
498	Spectrogram 1	1	3886.386072	3887.644947	3820.408	16261.224	1.2589	12440.816	-79.88	Valencia_02_Combined_2017.wav	3886.3861	Whistle
499	Spectrogram 1	1	3903.449256	3904.108859	4136.364	9500	0.6596	5363.636	-74.51	Valencia_02_Combined_2017.wav	3903.4493	Whistle
500	Spectrogram 1	1	3905.645249	3906.232456	2681.818	19545.455	0.5872	16863.637	-72.43	Valencia_02_Combined_2017.wav	3905.6452	Whistle
501	Spectrogram 1	1	3914.662493	3915.710215	4604.082	14448.98	1.0477	9844.898	-82.67	Valencia_02_Combined_2017.wav	3914.6625	Whistle
502	Spectrogram 1	1	3925.649805	3928.878125	2889.796	22409.091	3.2283	19519.295	-60.7	Valencia_02_Combined_2017.wav	3925.6498	Bout
503	Spectrogram 1	1	3929.19909	3929.906522	5363.636	22807.9	0.7074	17444.264	-61.91	Valencia_02_Combined_2017.wav	3929.1991	Whistle
504	Spectrogram 1	1	3930.0674	3931.382583	4045.455	22909.091	1.3152	18863.636	-58.07	Valencia_02_Combined_2017.wav	3930.0674	Bout
505	Spectrogram 1	1	3931.627922	3933.449601	3735.1	22863.636	1.8217	19128.536	-57.04	Valencia_02_Combined_2017.wav	3931.6279	Bout
506	Spectrogram 1	1	3935.078768	3935.669997	2860.9	21227.273	0.5912	18366.373	-92.07	Valencia_02_Combined_2017.wav	3935.0788	Whistle
507	Spectrogram 1	1	3969.124697	3969.285576	4454.545	16227.273	0.1609	11772.728	-75.6	Valencia_02_Combined_2017.wav	3969.1247	Whistle
508	Spectrogram 1	1	3971.453415	3971.570052	6590.909	21409.091	0.1166	14818.182	-72.57	Valencia_02_Combined_2017.wav	3971.4534	Whistle
509	Spectrogram 1	1	3981.246898	3981.387667	9695.4	12363.636	0.1408	2668.236	-86.29	Valencia_02_Combined_2017.wav	3981.2469	Whistle
510	Spectrogram 1	1	3981.641051	3981.854215	5590.909	14181.818	0.2132	8590.909	-82.72	Valencia_02_Combined_2017.wav	3981.6411	Whistle
511	Spectrogram 1	1	3982.992431	3983.253858	5818.182	11045.455	0.2614	5227.273	-83.69	Valencia_02_Combined_2017.wav	3982.9924	Whistle
512	Spectrogram 1	1	3987.561382	3987.661931	4609.3	7227.273	0.1005	2617.973	-74.24	Valencia_02_Combined_2017.wav	3987.5614	Whistle
513	Spectrogram 1	1	3987.730305	3987.999776	5818.182	9181.818	0.2695	3363.636	-90.88	Valencia_02_Combined_2017.wav	3987.7303	Whistle
514	Spectrogram 1	1	4009.212701	4009.401734	7818.182	21136.364	0.189	13318.182	-90.28	Valencia_02_Combined_2017.wav	4009.2127	Whistle
515	Spectrogram 1	1	4010.918014	4011.199552	10887.4	13727.273	0.2815	2839.873	-87.69	Valencia_02_Combined_2017.wav	4010.918	Whistle
516	Spectrogram 1	1	4011.38054	4011.513265	8090.909	10045.455	0.1327	1954.546	-89.17	Valencia_02_Combined_2017.wav	4011.3805	Whistle
517	Spectrogram 1	1	4012.44636	4013.053676	9059.6	22227.273	0.6073	13167.673	-91.92	Valencia_02_Combined_2017.wav	4012.4464	Whistle
518	Spectrogram 1	1	4015.078212	4015.615668	8090.909	15045.455	0.5375	6954.546	-88.06	Valencia_02_Combined_2017.wav	4015.0782	Whistle
519	Spectrogram 1	1	4037.668099	4038.166822	9727.273	15227.273	0.4987	5500	-82.96	Valencia_02_Combined_2017.wav	4037.6681	Whistle
520	Spectrogram 1	1	4038.369842	4039.148439	7363.636	13986.8	0.7786	6623.164	-78.34	Valencia_02_Combined_2017.wav	4038.3698	Whistle
521	Spectrogram 1	1	4152.851718	4153.112528	556.3	3681.818	0.2608	3125.518	-70.17	Valencia_02_Combined_2017.wav	4152.8517	Whistle
522	Spectrogram 1	1	4180.140744	4180.600665	3772.727	7004.082	0.4599	3231.355	-89.03	Valencia_02_Combined_2017.wav	4180.1407	Whistle
523	Spectrogram 1	1	4184.349136	4185.156108	5044.898	12489.796	0.807	7444.898	-92.18	Valencia_02_Combined_2017.wav	4184.3491	Whistle
524	Spectrogram 1	1	4234.905938	4236.03611	3772.727	14954.545	1.1302	11181.818	-80.82	Valencia_02_Combined_2017.wav	4234.9059	Whistle
525	Spectrogram 1	1	4238.344717	4239.446735	3954.545	12045.455	1.102	8090.91	-83.18	Valencia_02_Combined_2017.wav	4238.3447	Whistle
526	Spectrogram 1	1	4323.075437	4323.4897	6409.091	8545.455	0.4143	2136.364	-86.84	Valencia_02_Combined_2017.wav	4323.0754	Whistle
527	Spectrogram 1	1	4349.338863	4349.564093	9409.091	13273.469	0.2252	3864.378	-85.33	Valencia_02_Combined_2017.wav	4349.3389	Whistle
528	Spectrogram 1	1	4360.77733	4361.513349	6863.636	21909.091	0.736	15045.455	-90.46	Valencia_02_Combined_2017.wav	4360.7773	Whistle
529	Spectrogram 1	1	4361.654118	4361.947721	9500	16636.364	0.2936	7136.364	-86.75	Valencia_02_Combined_2017.wav	4361.6541	Whistle
530	Spectrogram 1	1	4447.603493	4448.458161	3036.735	19102.041	0.8547	16065.306	-67.3	Valencia_02_Combined_2017.wav	4447.6035	Whistle
531	Spectrogram 1	1	4488.148914	4488.832648	6500	22000	0.6837	15500	-93.34	Valencia_02_Combined_2017.wav	4488.1489	Whistle
532	Spectrogram 1	1	4510.627674	4511.001716	8000	14363.636	0.374	6363.636	-81.21	Valencia_02_Combined_2017.wav	4510.6277	Whistle
533	Spectrogram 1	1	4517.050015	4517.698287	11090.909	18909.091	0.6483	7818.182	-82.45	Valencia_02_Combined_2017.wav	4517.05	Whistle
534	Spectrogram 1	1	4517.531373	4518.575075	4065.306	10971.429	1.0437	6906.122	-84.71	Valencia_02_Combined_2017.wav	4517.5314	Whistle
535	Spectrogram 1	1	4548.14858	4548.595018	4132.5	5454.545	0.4464	1322.045	-82.29	Valencia_02_Combined_2017.wav	4548.1486	Whistle
536	Spectrogram 1	1	4552.854279	4553.107662	5324.5	8954.545	0.2534	3630.045	-76.71	Valencia_02_Combined_2017.wav	4552.8543	Whistle
537	Spectrogram 1	1	4553.212233	4553.664898	5727.273	9298	0.4527	3570.727	-80.31	Valencia_02_Combined_2017.wav	4553.2122	Whistle
538	Spectrogram 1	1	4618.04847	4618.393689	317.9	13748.3	0.3452	13430.4	-74.68	Valencia_02_Combined_2017.wav	4618.0485	Whistle
539	Spectrogram 1	1	4634.037031	4635.11894	4863.636	10909.091	1.0819	6045.455	-87.59	Valencia_02_Combined_2017.wav	4634.037	Whistle
540	Spectrogram 1	1	4638.319359	4639.237431	4500	9545.455	0.9181	5045.455	-88.34	Valencia_02_Combined_2017.wav	4638.3194	Whistle
541	Spectrogram 1	1	4639.470705	4639.601841	4500	9697.959	0.1311	5197.959	-86.56	Valencia_02_Combined_2017.wav	4639.4707	Whistle
542	Spectrogram 1	1	4640.023878	4640.826107	4053	10045.455	0.8022	5992.455	-87.69	Valencia_02_Combined_2017.wav	4640.0239	Whistle
543	Spectrogram 1	1	4645.62431	4645.925958	4727.273	6278.1	0.3016	1550.827	-85.12	Valencia_02_Combined_2017.wav	4645.6243	Whistle
544	Spectrogram 1	1	4646.129963	4646.255116	5086.1	8136.364	0.1252	3050.264	-85.13	Valencia_02_Combined_2017.wav	4646.13	Whistle
545	Spectrogram 1	1	4646.452192	4646.637202	4181.818	5863.636	0.185	1681.818	-80.53	Valencia_02_Combined_2017.wav	4646.4522	Whistle
546	Spectrogram 1	1	4648.137395	4648.768843	5090.909	11545.455	0.6314	6454.546	-83.77	Valencia_02_Combined_2017.wav	4648.1374	Whistle
547	Spectrogram 1	1	4649.110709	4649.679248	2781.5	12500	0.5685	9718.5	-82.24	Valencia_02_Combined_2017.wav	4649.1107	Whistle
548	Spectrogram 1	1	4649.89097	4650.168486	5818.182	14304.6	0.2775	8486.418	-90.99	Valencia_02_Combined_2017.wav	4649.891	Whistle
549	Spectrogram 1	1	4667.277923	4667.37445	5409.091	12818.182	0.0965	7409.091	-77.86	Valencia_02_Combined_2017.wav	4667.2779	Whistle
550	Spectrogram 1	1	4703.604303	4703.881819	6500	11136.364	0.2775	4636.364	-73.44	Valencia_02_Combined_2017.wav	4703.6043	Whistle
551	Spectrogram 1	1	4704.300103	4704.66208	7727.273	10772.727	0.362	3045.454	-71.52	Valencia_02_Combined_2017.wav	4704.3001	Whistle
552	Spectrogram 1	1	4705.05221	4705.329726	6500	8818.182	0.2775	2318.182	-81.28	Valencia_02_Combined_2017.wav	4705.0522	Whistle
553	Spectrogram 1	1	4771.024491	4771.426687	7681.818	11409.091	0.4022	3727.273	-65.8	Valencia_02_Combined_2017.wav	4771.0245	Whistle
554	Spectrogram 1	1	4771.808774	4772.479499	5772.727	13175.51	0.6707	7402.783	-62.03	Valencia_02_Combined_2017.wav	4771.8088	Whistle
555	Spectrogram 1	1	4772.72176	4773.15211	6227.273	16090.909	0.4304	9863.636	-66.05	Valencia_02_Combined_2017.wav	4772.7218	Whistle
556	Spectrogram 1	1	4773.743339	4774.620127	7409.091	17583.673	0.8768	10174.582	-54.29	Valencia_02_Combined_2017.wav	4773.7433	Whistle
557	Spectrogram 1	1	4774.680456	4774.95395	6818.182	22818.182	0.2735	16000	-54.23	Valencia_02_Combined_2017.wav	4774.6805	Whistle
558	Spectrogram 1	1	4775.500937	4775.689969	6545.455	21590.909	0.189	15045.454	-42.91	Valencia_02_Combined_2017.wav	4775.5009	Whistle
559	Spectrogram 1	1	4776.896559	4777.125811	4545.455	7727.273	0.2293	3181.818	-58.6	Valencia_02_Combined_2017.wav	4776.8966	Whistle
560	Spectrogram 1	1	4777.744192	4778.295201	4545.455	9110.204	0.551	4564.749	-75.7	Valencia_02_Combined_2017.wav	4777.7442	Whistle
561	Spectrogram 1	1	4784.167328	4784.456849	3090.909	12097.959	0.2895	9007.05	-71.96	Valencia_02_Combined_2017.wav	4784.1673	Whistle
562	Spectrogram 1	1	4787.252112	4787.589957	3727.273	8954.545	0.3378	5227.272	-68.11	Valencia_02_Combined_2017.wav	4787.2521	Whistle
563	Spectrogram 1	1	4800.134464	4800.37176	8545.455	12727.273	0.2373	4181.818	-83.62	Valencia_02_Combined_2017.wav	4800.1345	Whistle
564	Spectrogram 1	1	4805.628468	4806.231762	9863.636	19863.636	0.6033	10000	-87.17	Valencia_02_Combined_2017.wav	4805.6285	Whistle
565	Spectrogram 1	1	4808.46435	4809.003754	4053	12238.4	0.5394	8185.4	-87.34	Valencia_02_Combined_2017.wav	4808.4643	Whistle
566	Spectrogram 1	1	4809.963895	4811.625263	1986.8	21615.9	1.6614	19629.1	-76.5	Valencia_02_Combined_2017.wav	4809.9639	Whistle
567	Spectrogram 1	1	4811.783982	4812.105739	8272.727	13227.273	0.3218	4954.546	-69.22	Valencia_02_Combined_2017.wav	4811.784	Whistle
568	Spectrogram 1	1	4812.194223	4812.363145	9454.545	14590.909	0.1689	5136.364	-73.64	Valencia_02_Combined_2017.wav	4812.1942	Whistle
569	Spectrogram 1	1	4813.092444	4813.308206	6755	8821.2	0.2158	2066.2	-78.31	Valencia_02_Combined_2017.wav	4813.0924	Whistle
570	Spectrogram 1	1	4816.145476	4816.593644	5590.909	9318.182	0.4482	3727.273	-85.45	Valencia_02_Combined_2017.wav	4816.1455	Whistle
571	Spectrogram 1	1	4816.843006	4818.097859	6954.545	21318.182	1.2549	14363.637	-83.31	Valencia_02_Combined_2017.wav	4816.843	Whistle
572	Spectrogram 1	1	4821.733713	4822.602457	10136.364	17681.818	0.8687	7545.454	-88.94	Valencia_02_Combined_2017.wav	4821.7337	Whistle
573	Spectrogram 1	1	4830.658449	4830.899767	7545.455	9227.273	0.2413	1681.818	-81.72	Valencia_02_Combined_2017.wav	4830.6584	Whistle
574	Spectrogram 1	1	4845.511564	4846.440638	3636.364	8954.545	0.9291	5318.181	-84.33	Valencia_02_Combined_2017.wav	4845.5116	Whistle
575	Spectrogram 1	1	4847.960941	4848.873927	3772.727	12727.273	0.913	8954.546	-81.51	Valencia_02_Combined_2017.wav	4847.9609	Whistle
576	Spectrogram 1	1	4853.079667	4853.662852	4995.918	9502.041	0.5832	4506.122	-84.82	Valencia_02_Combined_2017.wav	4853.0797	Whistle
577	Spectrogram 1	1	4857.165983	4857.678004	8473.469	18545.455	0.512	10071.986	-80.67	Valencia_02_Combined_2017.wav	4857.166	Whistle
578	Spectrogram 1	1	4858.518595	4858.6111	5272.727	10966.9	0.0925	5694.173	-72.6	Valencia_02_Combined_2017.wav	4858.5186	Whistle
579	Spectrogram 1	1	4860.445116	4860.835246	8409.091	12545.455	0.3901	4136.364	-85.08	Valencia_02_Combined_2017.wav	4860.4451	Whistle
580	Spectrogram 1	1	4870.294393	4871.408477	5090.909	20545.455	1.1141	15454.546	-85.28	Valencia_02_Combined_2017.wav	4870.2944	Whistle
581	Spectrogram 1	1	4874.358215	4875.208516	4181.818	10545.455	0.8503	6363.637	-85.12	Valencia_02_Combined_2017.wav	4874.3582	Whistle
582	Spectrogram 1	1	4875.21279	4876.33894	6136.364	11090.909	1.1262	4954.545	-83.93	Valencia_02_Combined_2017.wav	4875.2128	Whistle
583	Spectrogram 1	1	4877.790867	4878.430361	5363.636	10863.636	0.6395	5500	-80.98	Valencia_02_Combined_2017.wav	4877.7909	Whistle
584	Spectrogram 1	1	4881.474986	4881.832941	6278.1	17045.455	0.358	10767.355	-90.68	Valencia_02_Combined_2017.wav	4881.475	Whistle
585	Spectrogram 1	1	4912.332444	4912.508464	4590.909	6909.091	0.176	2318.182	-88.47	Valencia_02_Combined_2017.wav	4912.3324	Whistle
586	Spectrogram 1	1	4912.717606	4913.17611	3272.727	6727.273	0.4585	3454.546	-91.11	Valencia_02_Combined_2017.wav	4912.7176	Whistle
587	Spectrogram 1	1	4962.046995	4962.1395	9636.364	11863.636	0.0925	2227.272	-88.86	Valencia_02_Combined_2017.wav	4962.047	Whistle
588	Spectrogram 1	1	4964.472244	4965.043359	6363.636	14938.776	0.5711	8575.14	-91.3	Valencia_02_Combined_2017.wav	4964.4722	Whistle
589	Spectrogram 1	1	4965.855795	4966.004608	5772.727	12954.545	0.1488	7181.818	-81.14	Valencia_02_Combined_2017.wav	4965.8558	Whistle
590	Spectrogram 1	1	4969.270443	4969.85473	10363.636	16291.4	0.5843	5927.764	-77.3	Valencia_02_Combined_2017.wav	4969.2704	Whistle
591	Spectrogram 1	1	4970.102856	4971.132613	6993.4	22727.273	1.0298	15733.873	-85.98	Valencia_02_Combined_2017.wav	4970.1029	Whistle
592	Spectrogram 1	1	4972.986738	4973.055112	5545.455	8954.545	0.0684	3409.09	-77.12	Valencia_02_Combined_2017.wav	4972.9867	Whistle
593	Spectrogram 1	1	4974.844886	4975.122401	4954.545	11681.818	0.2775	6727.273	-82.07	Valencia_02_Combined_2017.wav	4974.8449	Whistle
594	Spectrogram 1	1	4976.996637	4977.31035	13909.091	17772.727	0.3137	3863.636	-82.82	Valencia_02_Combined_2017.wav	4976.9966	Whistle
595	Spectrogram 1	1	4977.736678	4978.018216	7045.455	11909.091	0.2815	4863.636	-91.04	Valencia_02_Combined_2017.wav	4977.7367	Whistle
596	Spectrogram 1	1	4985.531246	4987.099812	8454.545	21059.6	1.5686	12605.055	-86.54	Valencia_02_Combined_2017.wav	4985.5312	Whistle
597	Spectrogram 1	1	4987.204383	4987.437657	5136.364	9045.455	0.2333	3909.091	-87.68	Valencia_02_Combined_2017.wav	4987.2044	Whistle
598	Spectrogram 1	1	4991.527995	4991.958345	2272.727	5909.091	0.4304	3636.364	-81.81	Valencia_02_Combined_2017.wav	4991.528	Whistle
599	Spectrogram 1	1	4995.200048	4995.501695	9363.636	22409.091	0.3016	13045.455	-72.25	Valencia_02_Combined_2017.wav	4995.2	Whistle
600	Spectrogram 1	1	5002.487848	5003.010703	8227.273	17721.9	0.5229	9494.627	-87.7	Valencia_02_Combined_2017.wav	5002.4878	Whistle
601	Spectrogram 1	1	5006.39413	5006.955112	5801.3	11136.364	0.561	5335.064	-80.84	Valencia_02_Combined_2017.wav	5006.3941	Whistle
602	Spectrogram 1	1	5009.630857	5010.503623	8473.469	21257.143	0.8728	12783.673	-82.86	Valencia_02_Combined_2017.wav	5009.6309	Whistle
603	Spectrogram 1	1	5016.081247	5016.177774	5387.755	8130.612	0.0965	2742.857	-77.75	Valencia_02_Combined_2017.wav	5016.0812	Whistle
604	Spectrogram 1	1	5016.331447	5016.556677	6454.545	8181.818	0.2252	1727.273	-81.16	Valencia_02_Combined_2017.wav	5016.3314	Whistle
605	Spectrogram 1	1	5016.954851	5017.855771	8045.455	21600	0.9009	13554.545	-82.69	Valencia_02_Combined_2017.wav	5016.9549	Whistle
606	Spectrogram 1	1	5022.243735	5022.593645	8681.818	14272.727	0.3499	5590.909	-82.11	Valencia_02_Combined_2017.wav	5022.2437	Whistle
607	Spectrogram 1	1	5029.004654	5029.414894	5954.545	12045.455	0.4102	6090.91	-77.37	Valencia_02_Combined_2017.wav	5029.0047	Whistle
608	Spectrogram 1	1	5035.982762	5036.115426	7136.364	9136.364	0.1327	2000	-78.57	Valencia_02_Combined_2017.wav	5035.9828	Whistle
609	Spectrogram 1	1	5056.506847	5056.844692	6545.455	10954.545	0.3378	4409.09	-84.01	Valencia_02_Combined_2017.wav	5056.5068	Whistle
610	Spectrogram 1	1	5069.477681	5069.799439	5191.837	8454.545	0.3218	3262.708	-90.13	Valencia_02_Combined_2017.wav	5069.4777	Whistle
611	Spectrogram 1	1	5077.248118	5077.859456	8363.636	12136.364	0.6113	3772.728	-85.51	Valencia_02_Combined_2017.wav	5077.2481	Whistle
612	Spectrogram 1	1	5081.73663	5081.998058	6409.091	8272.727	0.2614	1863.636	-83.33	Valencia_02_Combined_2017.wav	5081.7366	Whistle
613	Spectrogram 1	1	5093.818609	5094.058467	2818.182	7636.364	0.2399	4818.182	-73.74	Valencia_02_Combined_2017.wav	5093.8186	Whistle
614	Spectrogram 1	1	5113.429707	5113.795706	12681.818	14954.545	0.366	2272.727	-81.64	Valencia_02_Combined_2017.wav	5113.4297	Whistle
615	Spectrogram 1	1	5131.942809	5132.397291	3526.531	7200	0.4545	3673.469	-66.34	Valencia_02_Combined_2017.wav	5131.9428	Whistle
616	Spectrogram 1	1	5140.409042	5140.662426	6500	8954.545	0.2534	2454.545	-79.18	Valencia_02_Combined_2017.wav	5140.409	Whistle
617	Spectrogram 1	1	5144.374699	5144.857337	2909.091	14400	0.4826	11490.909	-55.49	Valencia_02_Combined_2017.wav	5144.3747	Whistle
618	Spectrogram 1	1	5146.482209	5147.189973	3363.636	15973.5	0.7078	12609.864	-58.46	Valencia_02_Combined_2017.wav	5146.4822	Whistle
619	Spectrogram 1	1	5147.535963	5148.030665	3045.455	16045.455	0.4947	13000	-60.25	Valencia_02_Combined_2017.wav	5147.536	Whistle
620	Spectrogram 1	1	5150.568525	5151.321837	3545.455	21954.545	0.7533	18409.09	-62.68	Valencia_02_Combined_2017.wav	5150.5685	Whistle
621	Spectrogram 1	1	5153.946975	5154.03948	11863.636	14500	0.0925	2636.364	-57.69	Valencia_02_Combined_2017.wav	5153.947	Whistle
622	Spectrogram 1	1	5154.159127	5154.966004	4363.636	8045.455	0.8069	3681.819	-63.97	Valencia_02_Combined_2017.wav	5154.1591	Whistle
623	Spectrogram 1	1	5154.96074	5155.865682	2742.857	15183.673	0.9049	12440.816	-65.86	Valencia_02_Combined_2017.wav	5154.9607	Bout
624	Spectrogram 1	1	5155.870946	5156.348318	4653.061	13863.636	0.4774	9210.575	-69.03	Valencia_02_Combined_2017.wav	5155.8709	Whistle
625	Spectrogram 1	1	5157.452033	5157.717483	4227.273	13318.182	0.2654	9090.909	-63.22	Valencia_02_Combined_2017.wav	5157.452	Whistle
626	Spectrogram 1	1	5157.826076	5158.159899	5409.091	14636.364	0.3338	9227.273	-55.28	Valencia_02_Combined_2017.wav	5157.8261	Whistle
627	Spectrogram 1	1	5158.296646	5158.485678	8545.455	13590.909	0.189	5045.454	-52.48	Valencia_02_Combined_2017.wav	5158.2966	Whistle
628	Spectrogram 1	1	5158.592573	5159.265939	3772.727	16212.245	0.6734	12439.518	-62.09	Valencia_02_Combined_2017.wav	5158.5926	Bout
629	Spectrogram 1	1	5160.092582	5160.733956	3281.633	14987.755	0.6414	11706.122	-61.52	Valencia_02_Combined_2017.wav	5160.0926	Whistle
630	Spectrogram 1	1	5172.323242	5173.290525	3967.347	21727.273	0.9673	17759.926	-74.25	Valencia_02_Combined_2017.wav	5172.3232	Whistle
631	Spectrogram 1	1	5176.560382	5177.27227	2727.273	18045.455	0.7119	15318.182	-63.23	Valencia_02_Combined_2017.wav	5176.5604	Whistle
632	Spectrogram 1	1	5177.88763	5178.720177	2940.4	19727.273	0.8325	16786.873	-64.76	Valencia_02_Combined_2017.wav	5177.8876	Whistle
633	Spectrogram 1	1	5180.389292	5181.291261	3318.182	22409.091	0.902	19090.909	-65.28	Valencia_02_Combined_2017.wav	5180.3893	Whistle
634	Spectrogram 1	1	5185.501206	5186.583115	3727.273	22331.1	1.0819	18603.827	-55.09	Valencia_02_Combined_2017.wav	5185.5012	Whistle
635	Spectrogram 1	1	5186.967552	5188.045438	3735.1	17272.727	1.0779	13537.627	-62.01	Valencia_02_Combined_2017.wav	5186.9676	Whistle
636	Spectrogram 1	1	5188.253618	5188.946358	3735.1	22090.909	0.6927	18355.809	-65.24	Valencia_02_Combined_2017.wav	5188.2536	Whistle
637	Spectrogram 1	1	5189.685736	5190.988852	3409.091	22807.9	1.3031	19398.809	-62	Valencia_02_Combined_2017.wav	5189.6857	Bout
638	Spectrogram 1	1	5191.491598	5192.014453	4318.182	21933.8	0.5229	17615.618	-57.23	Valencia_02_Combined_2017.wav	5191.4916	Whistle
639	Spectrogram 1	1	5192.098914	5192.481001	7136.364	22500	0.3821	15363.636	-57.46	Valencia_02_Combined_2017.wav	5192.0989	Whistle
640	Spectrogram 1	1	5192.899284	5193.486491	4318.182	22681.818	0.5872	18363.636	-59.11	Valencia_02_Combined_2017.wav	5192.8993	Whistle
641	Spectrogram 1	1	5194.093807	5194.97864	4227.273	22000	0.8848	17772.727	-66.6	Valencia_02_Combined_2017.wav	5194.0938	Whistle
642	Spectrogram 1	1	5195.783032	5195.988153	12863.636	15181.818	0.2051	2318.182	-60.46	Valencia_02_Combined_2017.wav	5195.783	Whistle
643	Spectrogram 1	1	5196.096746	5196.790535	6416.327	22318.182	0.6938	15901.855	-58.52	Valencia_02_Combined_2017.wav	5196.0967	Whistle
644	Spectrogram 1	1	5197.379752	5198.107728	2954.545	17165.6	0.728	14211.055	-57.08	Valencia_02_Combined_2017.wav	5197.3798	Bout
645	Spectrogram 1	1	5198.13186	5198.405353	7727.273	20909.091	0.2735	13181.818	-56.52	Valencia_02_Combined_2017.wav	5198.1319	Whistle
646	Spectrogram 1	1	5198.481771	5198.739176	8363.636	15954.545	0.2574	7590.909	-51.82	Valencia_02_Combined_2017.wav	5198.4818	Whistle
647	Spectrogram 1	1	5199.388724	5200.024194	3134.694	22649	0.6355	19514.306	-58.59	Valencia_02_Combined_2017.wav	5199.3887	Bout
648	Spectrogram 1	1	5200.605368	5201.069918	3727.273	22681.818	0.4645	18954.545	-59.15	Valencia_02_Combined_2017.wav	5200.6054	Whistle
649	Spectrogram 1	1	5201.126212	5202.067351	2840.816	23020.408	0.9411	20179.592	-62.43	Valencia_02_Combined_2017.wav	5201.1262	Whistle
650	Spectrogram 1	1	5202.924788	5203.491885	4454.545	18516.6	0.5671	14062.055	-66.54	Valencia_02_Combined_2017.wav	5202.9248	Whistle
651	Spectrogram 1	1	5209.376014	5210.54189	6318.182	22728.5	1.1659	16410.318	-57.35	Valencia_02_Combined_2017.wav	5209.376	Whistle
652	Spectrogram 1	1	5211.450594	5212.412598	4000	18596	0.962	14596	-62.94	Valencia_02_Combined_2017.wav	5211.4506	Whistle
653	Spectrogram 1	1	5214.536195	5215.569144	6454.545	22728.5	1.0329	16273.955	-63.75	Valencia_02_Combined_2017.wav	5214.5362	Whistle
654	Spectrogram 1	1	5223.682142	5224.14573	7954.545	23046.4	0.4636	15091.855	-69.81	Valencia_02_Combined_2017.wav	5223.6821	Whistle
655	Spectrogram 1	1	5225.198423	5225.789651	4181.818	22909.091	0.5912	18727.273	-59.72	Valencia_02_Combined_2017.wav	5225.1984	Whistle
656	Spectrogram 1	1	5226.392946	5226.992219	4863.636	22909.091	0.5993	18045.455	-62.31	Valencia_02_Combined_2017.wav	5226.3929	Whistle
657	Spectrogram 1	1	5227.744326	5228.87852	3409.091	22013.2	1.1342	18604.109	-67.63	Valencia_02_Combined_2017.wav	5227.7443	Whistle
658	Spectrogram 1	1	5229.353112	5230.527525	4227.273	18409.091	1.1744	14181.818	-67.72	Valencia_02_Combined_2017.wav	5229.3531	Whistle
659	Spectrogram 1	1	5231.058425	5231.565192	4545.455	16772.727	0.5068	12227.272	-67.63	Valencia_02_Combined_2017.wav	5231.0584	Whistle
660	Spectrogram 1	1	5231.60139	5232.530464	7053.061	22579.592	0.9291	15526.531	-70.74	Valencia_02_Combined_2017.wav	5231.6014	Whistle
661	Spectrogram 1	1	5232.618947	5232.828089	8409.091	22727.273	0.2091	14318.182	-69.63	Valencia_02_Combined_2017.wav	5232.6189	Whistle
662	Spectrogram 1	1	5232.892441	5233.15789	6681.818	23000	0.2654	16318.182	-67.3	Valencia_02_Combined_2017.wav	5232.8924	Whistle
663	Spectrogram 1	1	5233.623557	5234.207623	7272.727	22227.273	0.5841	14954.546	-67.75	Valencia_02_Combined_2017.wav	5233.6236	Whistle
664	Spectrogram 1	1	5234.255006	5234.488279	9454.545	15181.818	0.2333	5727.273	-60.35	Valencia_02_Combined_2017.wav	5234.255	Whistle
665	Spectrogram 1	1	5234.621004	5234.814059	9954.545	15318.182	0.1931	5363.637	-61.2	Valencia_02_Combined_2017.wav	5234.621	Whistle
666	Spectrogram 1	1	5234.962871	5235.176035	8909.091	14454.545	0.2132	5545.454	-59.25	Valencia_02_Combined_2017.wav	5234.9629	Whistle
667	Spectrogram 1	1	5235.401265	5235.658671	5000	19000	0.2574	14000	-62.27	Valencia_02_Combined_2017.wav	5235.4013	Whistle
668	Spectrogram 1	1	5236.133263	5236.696338	5272.727	19591.837	0.5631	14319.11	-65.81	Valencia_02_Combined_2017.wav	5236.1333	Whistle
669	Spectrogram 1	1	5237.400182	5238.075872	6500	21648.98	0.6757	15148.98	-69.11	Valencia_02_Combined_2017.wav	5237.4002	Whistle
670	Spectrogram 1	1	5240.955598	5241.277355	5090.909	22966.9	0.3218	17875.991	-65.81	Valencia_02_Combined_2017.wav	5240.9556	Whistle
671	Spectrogram 1	1	5242.584494	5242.785592	6409.091	21590.909	0.2011	15181.818	-57.9	Valencia_02_Combined_2017.wav	5242.5845	Whistle
672	Spectrogram 1	1	5243.260184	5243.557809	4909.091	10251.7	0.2976	5342.609	-64.22	Valencia_02_Combined_2017.wav	5243.2602	Whistle
673	Spectrogram 1	1	5244.37829	5244.555256	6590.909	9545.455	0.177	2954.546	-60.26	Valencia_02_Combined_2017.wav	5244.3783	Whistle
674	Spectrogram 1	1	5244.751057	5244.945387	7231.8	9363.636	0.1943	2131.836	-63.43	Valencia_02_Combined_2017.wav	5244.7511	Whistle
675	Spectrogram 1	1	5245.204157	5245.419919	6357.6	12953.6	0.2158	6596	-62.51	Valencia_02_Combined_2017.wav	5245.2042	Whistle
676	Spectrogram 1	1	5245.649231	5245.840655	6272.727	13727.273	0.1914	7454.546	-61.59	Valencia_02_Combined_2017.wav	5245.6492	Whistle
677	Spectrogram 1	1	5246.031317	5246.272179	6090.909	18090.909	0.2409	12000	-59.52	Valencia_02_Combined_2017.wav	5246.0313	Whistle
678	Spectrogram 1	1	5246.433514	5246.638975	6278.1	8045.455	0.2055	1767.355	-50.54	Valencia_02_Combined_2017.wav	5246.4335	Whistle
679	Spectrogram 1	1	5247.05973	5247.221552	7549.7	11602.6	0.1618	4052.9	-55.43	Valencia_02_Combined_2017.wav	5247.0597	Whistle
680	Spectrogram 1	1	5247.382697	5247.575752	6318.182	11841.1	0.1931	5522.918	-51.12	Valencia_02_Combined_2017.wav	5247.3827	Whistle
681	Spectrogram 1	1	5248.311771	5248.416342	8090.909	10863.636	0.1046	2772.727	-64.46	Valencia_02_Combined_2017.wav	5248.3118	Whistle
682	Spectrogram 1	1	5248.593309	5248.812807	6409.091	11500	0.2195	5090.909	-68.23	Valencia_02_Combined_2017.wav	5248.5933	Whistle
683	Spectrogram 1	1	5258.52213	5258.831636	2227.273	10272.727	0.3095	8045.454	-76.26	Valencia_02_Combined_2017.wav	5258.5221	Bout
684	Spectrogram 1	1	5259.008603	5259.241876	1909.091	9545.455	0.2333	7636.364	-78.26	Valencia_02_Combined_2017.wav	5259.0086	Bout
685	Spectrogram 1	1	5259.408788	5261.309166	2454.545	21954.545	1.9004	19500	-77.88	Valencia_02_Combined_2017.wav	5259.4088	Whistle
686	Spectrogram 1	1	5261.494177	5262.740985	2181.818	22454.545	1.2468	20272.727	-89.54	Valencia_02_Combined_2017.wav	5261.4942	Whistle
687	Spectrogram 1	1	5268.930787	5269.180148	4409.091	11045.455	0.2494	6636.364	-73.45	Valencia_02_Combined_2017.wav	5268.9308	Whistle
688	Spectrogram 1	1	5299.642507	5299.871759	2954.545	8227.273	0.2293	5272.728	-67.24	Valencia_02_Combined_2017.wav	5299.6425	Whistle
689	Spectrogram 1	1	5301.416193	5301.597182	7727.273	10136.364	0.181	2409.091	-64.85	Valencia_02_Combined_2017.wav	5301.4162	Whistle
690	Spectrogram 1	1	5302.675068	5302.856057	7227.273	20318.182	0.181	13090.909	-68.99	Valencia_02_Combined_2017.wav	5302.6751	Whistle
691	Spectrogram 1	1	5305.321521	5305.848398	5318.182	8136.364	0.5269	2818.182	-78.66	Valencia_02_Combined_2017.wav	5305.3215	Whistle
692	Spectrogram 1	1	5316.100386	5316.796186	8662.3	19772.727	0.6958	11110.427	-87.46	Valencia_02_Combined_2017.wav	5316.1004	Whistle
693	Spectrogram 1	1	5321.916146	5322.056915	12590.909	17227.273	0.1408	4636.364	-85.66	Valencia_02_Combined_2017.wav	5321.9161	Whistle
694	Spectrogram 1	1	5326.115075	5326.766633	5863.636	8026.5	0.6516	2162.864	-78.03	Valencia_02_Combined_2017.wav	5326.1151	Whistle
695	Spectrogram 1	1	5340.658498	5341.78867	9110.204	22181.818	1.1302	13071.614	-73.83	Valencia_02_Combined_2017.wav	5340.6585	Whistle
696	Spectrogram 1	1	5368.743873	5369.270751	9272.727	20590.909	0.5269	11318.182	-83	Valencia_02_Combined_2017.wav	5368.7439	Whistle
697	Spectrogram 1	1	5382.651826	5383.078155	7863.636	22227.273	0.4263	14363.637	-86.52	Valencia_02_Combined_2017.wav	5382.6518	Whistle
698	Spectrogram 1	1	5390.698267	5391.518162	1986.8	12397.4	0.8199	10410.6	-60.21	Valencia_02_Combined_2017.wav	5390.6983	Whistle
699	Spectrogram 1	1	5393.859209	5395.063609	3363.636	13748.3	1.2044	10384.664	-75.46	Valencia_02_Combined_2017.wav	5393.8592	Bout
700	Spectrogram 1	1	5396.374769	5396.507494	5727.273	8500	0.1327	2772.727	-76.74	Valencia_02_Combined_2017.wav	5396.3748	Whistle
701	Spectrogram 1	1	5401.908992	5402.126178	9454.545	14772.727	0.2172	5318.182	-86.68	Valencia_02_Combined_2017.wav	5401.909	Whistle
702	Spectrogram 1	1	5468.303577	5468.424235	5727.273	14227.273	0.1207	8500	-70.74	Valencia_02_Combined_2017.wav	5468.3036	Whistle
703	Spectrogram 1	1	5471.167215	5471.255698	7863.636	19947	0.0885	12083.364	-82.5	Valencia_02_Combined_2017.wav	5471.1672	Whistle
704	Spectrogram 1	1	5475.024279	5475.233421	6227.273	10272.727	0.2091	4045.454	-69.13	Valencia_02_Combined_2017.wav	5475.0243	Whistle
705	Spectrogram 1	1	5485.13952	5485.730749	7090.909	12136.364	0.5912	5045.455	-72.16	Valencia_02_Combined_2017.wav	5485.1395	Whistle
706	Spectrogram 1	1	5485.766946	5486.317955	6181.818	18727.273	0.551	12545.455	-70.42	Valencia_02_Combined_2017.wav	5485.7669	Whistle
707	Spectrogram 1	1	5486.43057	5486.704064	6954.545	22045.455	0.2735	15090.91	-71.42	Valencia_02_Combined_2017.wav	5486.4306	Whistle
708	Spectrogram 1	1	5494.325687	5494.510697	954.545	3454.545	0.185	2500	-68.26	Valencia_02_Combined_2017.wav	5494.3257	Whistle
709	Spectrogram 1	1	5497.128996	5497.555324	8454.545	15000	0.4263	6545.455	-78.24	Valencia_02_Combined_2017.wav	5497.129	Whistle
710	Spectrogram 1	1	5507.187929	5508.088849	11136.364	21500	0.9009	10363.636	-81.01	Valencia_02_Combined_2017.wav	5507.1879	Whistle
711	Spectrogram 1	1	5512.496919	5513.068038	7772.727	12363.636	0.5711	4590.909	-86.88	Valencia_02_Combined_2017.wav	5512.4969	Whistle
712	Spectrogram 1	1	5564.263132	5564.605491	11443.7	17590.909	0.3424	6147.209	-75.2	Valencia_02_Combined_2017.wav	5564.2631	Whistle
713	Spectrogram 1	1	5572.693659	5573.930413	1518.367	6039.7	1.2368	4521.333	-79.63	Valencia_02_Combined_2017.wav	5572.6937	Bout
714	Spectrogram 1	1	5579.917107	5580.0257	5727.273	13636.364	0.1086	7909.091	-72.71	Valencia_02_Combined_2017.wav	5579.9171	Whistle
715	Spectrogram 1	1	5586.975655	5587.315508	6227.273	16359.184	0.3399	10131.911	-85.63	Valencia_02_Combined_2017.wav	5586.9757	Whistle
716	Spectrogram 1	1	5604.555661	5606.556586	8272.727	22590.909	2.0009	14318.182	-82.84	Valencia_02_Combined_2017.wav	5604.5557	Whistle
717	Spectrogram 1	1	5606.848181	5608.539417	8500	22090.909	1.6912	13590.909	-75.17	Valencia_02_Combined_2017.wav	5606.8482	Whistle
718	Spectrogram 1	1	5646.145033	5646.403947	3909.091	8344.4	0.2589	4435.309	-85.66	Valencia_02_Combined_2017.wav	5646.145	Whistle
719	Spectrogram 1	1	5706.781924	5707.103681	9454.545	20000	0.3218	10545.455	-81.08	Valencia_02_Combined_2017.wav	5706.7819	Whistle
720	Spectrogram 1	1	5708.020689	5708.360169	14090.909	16211.9	0.3395	2120.991	-78.99	Valencia_02_Combined_2017.wav	5708.0207	Whistle
721	Spectrogram 1	1	5720.637061	5721.446169	5324.5	22807.9	0.8091	17483.4	-66.5	Valencia_02_Combined_2017.wav	5720.6371	Whistle
722	Spectrogram 1	1	5732.08212	5732.860367	4681.818	22045.455	0.7782	17363.637	-67.17	Valencia_02_Combined_2017.wav	5732.0821	Whistle
