98,114078	98,148354	5
132,722474	132,769	5
133,621458	133,662896	5
133,808667	133,840005	5
134,487177	134,533021	5
173,334349	173,461349	30
185,627443	185,795516	35
196,215177	196,479453	60
200,586901	200,863427	50
203,613563	203,657932	10
203,687094	203,775833	10
206,110349	206,403969	40
206,590891	206,616594	5
217,838375	217,876708	5
222,782313	223,889167	105
227,132099	227,678896	70
229,167771	229,281484	15
229,312719	229,952307	95
230,684724	230,719557	5
232,237146	232,997937	85
233,734411	233,974865	30
235,636208	236,299911	65
236,707911	236,73426	5
236,73426	236,951344	30
237,091083	237,209318	20
237,407557	237,503786	15
241,189552	241,471479	60
242,206	242,808792	80
243,029854	243,459609	55
243,513807	243,816063	65
243,876813	244,169125	65
244,724943	245,416156	40
245,416156	245,608917	20
245,608917	245,964437	55
246,222568	246,302844	20
246,957156	247,265906	70
247,322849	247,694042	60
247,78574	248,088333	40
248,126464	248,38649	40
248,724354	248,909818	40
249,07075	249,803568	35
249,845995	250,495594	45
250,920677	251,205943	40
251,502875	252,672005	35
254,107484	254,841812	25
254,841812	255,364479	30
255,379156	255,964385	30
255,990755	256,913609	20
256,913609	264,173422	15
264,252734	264,669943	75
265,282443	265,319516	5
265,580234	265,627745	10
265,906896	265,971563	10
266,012964	266,262021	40
266,487047	266,709609	45
268,027042	268,367589	60
270,310641	270,981938	70
291,963281	292,301036	65
308,849927	309,462214	125
311,847719	312,38588	80
317,616568	318,540167	75
328,938656	329,914083	200
331,762635	331,991448	50
332,775818	333,272792	100
342,543333	343,090328	110
349,536797	350,101297	75
351,604339	352,345172	125
352,345172	353,036844	100
354,324682	356,127708	30
356,127708	359,201474	15
359,380781	359,798	85
360,226568	360,348266	25
360,348266	363,309438	10
366,270292	366,702016	90
366,732849	367,06288	70
377,028063	377,462266	90
382,779583	383,330729	80
383,418984	383,850594	90
386,272943	387,216224	80
389,229958	389,412479	40
394,104974	394,729	45
394,757484	395,136568	65
395,199042	395,893125	65
401,881	403,129422	45
428,75263	428,887813	10
431,427786	431,587266	15
432,177385	432,383583	35
432,383583	432,819437	50
433,484198	433,675271	30
433,675271	433,841474	20
434,370688	434,792531	85
435,027495	435,406224	80
435,493818	435,967167	85
437,293297	437,445724	30
438,359385	438,447786	20
439,475568	439,708807	25
440,682104	440,896521	40
443,840156	444,026042	30
445,367089	445,563521	40
445,81374	446,075443	35
446,594599	446,984734	80
448,388583	448,670365	40
449,191911	449,409589	40
449,443943	449,741854	35
450,087708	450,446604	40
450,588078	450,791313	25
450,791313	451,011526	40
451,011526	451,137365	15
451,285198	452,028328	25
452,048016	452,459323	30
452,489786	453,41774	35
453,449521	453,676375	30
453,701677	453,848031	30
453,871693	457,942271	15
458,403401	460,386953	10
460,804552	461,299312	85
461,299312	461,553818	45
462,056089	462,345849	50
462,706589	463,034339	55
463,034339	463,703172	15
465,275318	465,564328	30
479,274042	480	90
483,159729	483,742344	65
488,99576	489,444589	90
506,845943	507,165807	65
529,385323	529,423214	5
529,423214	529,496443	10
560,532766	560,632479	20
580,916812	580,968484	10
590,916828	590,955646	5
593,454521	593,701062	40
593,760901	593,878182	25
598,597245	599,262297	45
619,237333	619,766224	60
620,565208	620,913307	70
620,913307	621,085365	35
622,060844	622,253042	30
622,253042	622,691948	65
633,889474	634,413427	40
634,413427	635,102031	100
637,468729	638,1635	120
650,195516	650,81224	105
652,981323	653,31712	50
654,160625	654,368875	35
654,368875	655,756495	70
656,153266	656,434896	60
656,577708	657,028797	40
688,304042	689,636083	80
689,768563	690,47774	75
690,854635	691,643313	70
691,738214	692,385438	95
692,597318	692,912958	65
693,380292	693,549016	30
693,594453	695,011516	40
695,204411	696,445104	20
696,464776	698,614948	10
698,666156	699,309703	40
699,344104	699,881036	35
699,881036	702,112755	10
709,778354	710,380422	75
710,572599	710,713203	25
710,713203	711,409453	10
711,433464	712,226724	75
712,226724	712,857646	25
713,700641	713,94813	30
737,515417	738,052417	55
738,506391	739,28462	100
778,213661	779,054391	95
791,12499	791,231516	20
809,938437	810,265313	45
823,743203	823,899057	35
831,892021	832,354646	80
835,096479	835,203583	20
836,218214	836,618542	85
843,388068	843,443068	5
854,803703	854,926813	10
854,926813	855,1435	35
857,994365	858,400979	85
861,170255	861,694693	105
867,074578	867,269729	40
873,02525	873,737464	70
873,737464	874,206036	35
875,251641	876,042635	75
884,009677	884,691906	35
884,858755	885,146932	35
885,174813	885,719974	25
885,719974	890,249401	10
892,722026	893,171906	95
893,656474	894,007115	25
894,435849	895,990203	5
897,208937	897,558156	70
897,806203	898,529724	75
899,393974	900	20
900,000896	900,434698	10
900,434698	902,545927	30
902,545927	903,686974	15
904,023948	904,566807	5
904,566807	904,641714	10
904,782479	905,134823	5
905,219812	906,416401	15
907,624568	907,7225	10
907,761641	907,827396	10
908,882266	909,388781	50
910,074547	910,159724	15
910,159724	910,365422	35
911,42826	911,528948	15
911,752885	911,865932	5
912,054745	912,590406	110
914,014479	914,214245	30
914,899755	915,418276	25
919,792234	920,012865	45
922,910641	922,987339	5
925,104807	925,183146	5
925,332411	925,457771	5
925,457771	925,732849	60
925,836786	926,285026	60
926,285026	926,445312	15
926,563354	927,431896	65
927,822745	928,217938	60
928,783313	929,172052	70
943,321667	943,361443	5
944,814354	944,913849	20
945,752385	945,798229	5
947,68213	948,131	75
956,327974	956,423964	20
966,261734	966,72488	95
966,833719	967,070917	50
970,239542	970,564063	55
970,757365	971,01825	45
971,455875	971,798208	25
972,241849	972,40274	30
977,579922	977,61838	5
982,321172	982,442021	15
983,98625	984,414938	90
986,929469	987,002823	5
990,088302	990,737995	95
991,043641	991,229109	10
992,813328	993,221078	85
993,221078	993,507208	35
993,722839	994,141464	70
994,998896	995,459818	45
997,579677	997,836281	45
999,006115	999,108318	10
1002,151156	1002,447599	50
1002,559281	1002,737333	40
1003,44724	1003,49549	5
1008,116432	1008,209339	20
1015,424188	1016,245208	95
1017,742682	1017,982505	45
1020,00099	1020,132786	25
1020,349703	1021,04662	100
1022,560469	1022,607026	10
1024,363047	1024,404687	5
1024,455286	1025,134599	115
1028,903786	1030,485182	100
1035,820823	1035,938755	15
1035,938755	1036,172031	30
1037,199906	1037,345688	25
1040,071594	1040,363281	50
1040,933651	1041,155734	40
1043,886339	1044,195182	45
1044,256516	1044,331109	10
1044,390734	1044,515755	15
1045,171578	1045,387479	45
1045,854896	1046,017979	35
1046,505021	1046,67326	30
1046,748948	1046,83363	10
1046,83363	1047,091771	40
1047,366771	1047,807417	45
1050,822802	1051,099922	50
1051,099922	1051,268542	25
1051,599224	1051,746562	25
1051,746562	1052,010083	55
1052,010083	1052,112292	20
1052,164943	1052,492323	30
1052,688911	1052,802839	25
1053,212026	1053,314911	15
1053,537359	1053,663922	15
1053,864641	1053,926932	10
1054,015437	1054,276807	55
1057,321885	1057,543844	50
1058,174682	1058,335375	25
1058,661427	1058,773042	25
1061,656099	1062,026781	65
1064,414781	1064,485984	10
1064,633557	1064,675115	5
1064,815057	1064,888417	10
1067,537271	1071,796687	10
1072,287943	1073,48463	5
1073,48463	1074,263521	10
1074,518813	1074,628979	25
1074,628979	1075,07501	10
1075,07501	1075,619266	25
1076,509495	1076,763672	55
1077,037391	1077,101432	5
1077,120401	1080	10
1080,679365	1080,709177	5
1080,746417	1082,292646	5
1082,873807	1084,114115	5
1084,302771	1084,892203	70
1084,892203	1087,223344	5
1087,932328	1088,252469	5
1088,371656	1088,621724	50
1088,816411	1089,181667	55
1089,211932	1089,291536	10
1091,014714	1091,06338	5
1091,108458	1092,074422	10
1092,245589	1093,445719	10
1093,445719	1093,618297	30
1093,649776	1094,233484	30
1094,233484	1094,416875	5
1095,068724	1095,126479	5
1095,390917	1095,455964	5
1095,906688	1096,095432	40
1096,780609	1097,875911	10
1097,875911	1098,097161	25
1098,137313	1098,223531	5
1098,223531	1098,360031	30
1098,392906	1099,081677	5
1100,011156	1100,442417	5
1100,918312	1101,337021	5
1101,337021	1101,79712	35
1101,79712	1102,199297	60
1102,604766	1105,020234	10
1107,424922	1108,354583	95
1108,354583	1108,625818	45
1109,398333	1110,365354	10
1110,365354	1110,521859	20
1111,435885	1112,348245	5
1112,672026	1112,752177	10
1112,882583	1113,65188	100
1113,909896	1115,365068	10
1115,539052	1116,020531	70
1116,179021	1116,254115	10
1116,42899	1116,924672	70
1117,100167	1119,953641	10
1120,09538	1120,736875	5
1121,28537	1121,45	30
1122,340156	1122,556964	10
1122,799177	1123,080255	55
1123,379172	1123,601344	40
1124,075839	1125,799271	70
1125,799271	1126,269583	95
1126,771115	1128,671859	5
1128,671859	1128,807839	10
1128,807839	1129,199005	10
1129,222677	1129,440693	10
1130,11437	1130,162276	10
1130,292333	1131,100318	60
1132,127036	1132,334828	5
1132,56251	1132,855625	40
1133,017307	1133,215036	5
1133,374047	1133,767745	45
1133,767745	1133,91937	10
1133,941292	1134,146495	5
1134,146495	1135,530464	10
1135,530464	1135,592656	10
1135,697427	1135,873891	5
1136,145135	1136,203865	10
1136,203865	1136,541708	50
1136,86212	1137,901781	10
1137,901781	1138,029792	25
1138,34912	1138,769693	35
1138,769693	1138,956844	10
1138,979635	1139,433026	60
1141,036453	1143,381589	10
1143,873479	1144,137214	30
1145,109281	1146,248115	65
1146,38962	1146,930359	15
1147,530344	1147,777479	50
1148,427406	1148,66299	10
1148,973104	1149,623286	5
1150,156594	1150,237167	15
1150,577984	1151,422693	5
1152,243281	1152,950943	55
1152,950943	1153,82775	70
1154,280474	1154,649089	55
1155,187703	1155,478016	45
1155,851641	1155,893219	5
1156,020917	1156,334073	50
1156,691755	1156,779615	5
1156,798422	1156,843234	5
1157,068719	1157,326568	40
1158,002943	1158,416354	45
1158,786151	1159,172818	45
1159,835141	1160,281724	10
1160,315396	1162,044745	5
1162,044745	1163,00226	35
1163,00226	1163,851302	5
1163,851302	1163,923948	5
1163,942224	1163,972417	5
1164,020026	1164,15375	5
1164,15375	1164,366505	5
1164,413422	1164,842464	5
1164,950984	1164,99125	5
1165,042938	1165,141859	5
1165,161812	1165,249875	5
1165,274766	1165,297646	5
1165,400083	1169,269417	5
1169,269417	1169,952786	80
1169,952786	1170,146052	5
1170,170667	1170,196833	5
1170,196833	1170,732651	55
1170,732651	1171,313146	85
1171,348948	1171,517219	5
1171,994698	1172,225906	5
1172,616219	1173,04275	75
1173,04275	1173,305427	5
1173,305427	1173,410776	15
1173,65638	1173,687943	5
1174,061516	1175,158714	5
1175,203104	1175,700448	10
1175,700448	1175,981026	50
1176,559823	1177,967802	5
1177,967802	1178,557672	45
1178,581974	1179,434625	5
1179,434625	1179,70149	5
1179,70149	1179,751948	10
1180,063583	1180,162172	5
1180,483969	1180,561062	10
1180,807406	1181,050417	5
1181,222365	1182,948797	5
1183,597224	1183,799594	5
1185,742693	1186,04013	65
1186,060651	1186,206115	25
1186,316557	1186,872302	5
1187,791594	1187,83874	10
1188,064958	1188,124146	5
1188,124146	1188,166484	5
1188,166484	1188,266818	5
1188,327271	1188,351885	5
1188,351885	1188,555219	5
1188,555219	1190,974	5
1191,100224	1191,503568	10
1191,503568	1191,971812	50
1191,971812	1192,234708	10
1192,280755	1192,371078	5
1192,651938	1194,154786	5
1194,803161	1195,192036	10
1195,192036	1195,54188	40
1195,704281	1196,199823	5
1196,814172	1197,282458	45
1197,311594	1197,620849	60
1197,826839	1197,926687	5
1197,951802	1198,015807	5
1198,688927	1199,03387	5
1199,759062	1200	5
1200,182724	1205,069813	5
1205,195688	1205,313583	10
1205,974917	1206,100807	25
1206,100807	1206,276932	5
1206,666172	1207,01288	40
1207,01288	1207,088823	5
1207,150604	1207,23663	5
1207,88088	1211,230839	5
1212,043885	1212,104109	10
1212,104109	1212,221542	25
1212,250276	1212,499391	30
1212,669849	1212,889766	45
1213,501057	1213,676786	5
1214,109781	1214,408385	45
1215,453714	1216,736427	5
1218,624193	1222,302922	10
1222,527833	1222,68213	10
1222,802604	1223,132109	70
1223,340438	1224,252578	5
1225,536026	1225,648281	5
1227,014453	1227,316141	10
1227,70113	1227,962021	60
1228,488005	1228,532583	5
1228,591927	1229,138932	70
1229,793036	1230,006776	45
1230,469938	1232,867557	5
1234,149625	1234,481672	5
1235,158687	1235,322427	5
1236,811333	1236,881042	10
1236,976911	1237,057182	10
1237,271193	1237,99876	65
1238,689615	1240,652146	5
1241,65612	1243,825771	5
1244,243708	1244,625047	45
1244,625047	1245,187417	65
1245,278844	1246,516901	10
1246,987323	1247,25762	30
1247,25762	1247,305901	5
1247,822875	1248,00362	40
1248,110823	1248,316505	30
1248,316505	1248,567177	5
1248,571172	1248,831177	30
1249,024865	1249,349714	5
1249,349714	1249,726047	30
1249,726047	1250,247062	60
1250,412906	1254,475031	5
1254,475031	1254,779214	65
1254,779214	1257,850974	5
1258,178672	1258,547109	5
1258,547109	1259,851568	5
1260,094323	1260,485526	60
1260,485526	1261,473516	5
1261,473516	1261,55625	10
1261,55625	1261,642052	10
1261,721849	1262,07601	10
1262,184953	1262,292693	10
1263,802984	1264,096958	50
1264,096958	1264,15649	10
1264,15649	1264,854448	45
1264,889932	1265,087187	35
1265,087187	1265,130807	10
1265,200339	1265,277927	10
1265,299854	1265,334068	5
1265,384641	1265,440927	10
1265,536646	1265,767156	10
1265,767156	1266,756255	15
1272,01712	1272,473755	95
1272,915708	1277,572688	5
1277,572688	1278,031562	80
1279,012094	1280,184594	5
1280,879938	1281,57701	10
1281,969521	1283,356828	5
1284,616141	1286,34451	5
1286,432052	1287,580437	5
1287,896307	1288,133365	10
1289,640625	1290,259891	10
1290,259891	1290,44813	25
1290,44813	1290,58513	10
1290,58513	1291,77151	5
1292,967635	1293,03362	5
1293,17249	1293,578271	5
1294,029688	1295,954813	10
1296,458724	1296,491484	5
1296,640594	1296,721651	10
1297,066568	1297,107885	10
1297,144995	1299,300484	5
1299,300484	1304,503083	5
1304,503083	1310,192792	5
1310,400781	1310,690109	60
1310,690109	1311,593135	5
1311,593135	1311,875167	10
1311,912906	1311,943464	5
1311,943464	1311,991833	10
1312,100786	1313,135234	5
1313,135234	1315,244016	5
1315,244016	1316,222281	5
1316,222281	1316,509406	40
1316,899156	1316,968214	5
1316,968214	1317,224917	50
1317,224917	1317,382594	30
1317,382594	1320	5
1320,000042	1320,248984	5
1320,496828	1320,576875	10
1320,617771	1321,07224	10
1321,092458	1323,599208	5
1323,599208	1323,92601	35
1324,116198	1324,216193	10
1324,216193	1325,078844	40
1325,078844	1325,589094	5
1325,589094	1333,860406	5
1333,860406	1337,367052	5
1337,596005	1338,756922	5
1338,756922	1338,964771	45
1338,964771	1339,040661	10
1339,040661	1339,243453	10
1339,268578	1339,471906	5
1339,471906	1339,548135	5
1339,548135	1339,668094	5
1339,760474	1339,792865	5
1339,872729	1339,93899	10
1339,966844	1340,016682	5
1340,053891	1340,086745	5
1340,592615	1340,621531	5
1340,64363	1340,958344	40
1341,2595	1341,284083	5
1341,284083	1341,579797	50
1341,919766	1341,948995	5
1342,643161	1347,452339	5
1347,452339	1348,832234	5
1348,92638	1349,128568	25
1349,128568	1349,19412	10
1349,323927	1349,363068	5
1349,363068	1349,617307	10
1349,617307	1349,762427	35
1349,921406	1350,121693	25
1350,142229	1354,716729	5
1354,956672	1355,083318	5
1355,110453	1357,208531	5
1357,208531	1368,551271	5
1368,746031	1369,648625	5
1370,230766	1377,005427	5
1377,076828	1377,191224	5
1377,191224	1377,934156	10
1377,934156	1380	5
1380,440859	1393,550734	5
1393,736766	1397,085901	5
1397,085901	1401,525422	5
1401,856953	1403,001859	5
1403,027724	1403,084375	5
1403,197365	1410,744651	5
1410,744651	1410,95325	30
1410,986458	1411,173161	35
1411,173161	1411,236984	5
1411,391969	1411,41587	5
1411,490047	1411,540958	5
1411,59375	1411,626714	5
1411,684172	1411,736427	5
1411,773651	1411,814875	5
1411,814875	1417,140427	5
1417,200724	1417,364854	10
1417,428979	1417,608052	20
1417,704693	1417,857016	10
1417,973312	1421,582677	5
1421,710875	1422,168661	35
1422,321677	1438,152896	5
1438,152896	1438,242682	20
1438,262089	1438,722474	10
1438,722474	1439,07676	40
1439,07676	1440	5
1440,002146	1445,207094	5
1445,207094	1445,414219	10
1445,457937	1445,600391	5
1445,600391	1445,841484	10
1445,881901	1445,925516	5
1445,943667	1460,658031	5
1460,658031	1463,504943	5
1463,672896	1463,806776	25
1463,806776	1468,122641	5
1468,122641	1469,062708	15
1469,319151	1473,153057	5
1474,026984	1474,082083	10
1474,253969	1474,359333	10
1474,460458	1474,710661	45
1474,710661	1474,932505	45
1474,932505	1475,060104	25
1475,060104	1475,115589	5
1475,171552	1475,234661	5
1475,289974	1475,393604	5
1475,393604	1475,498464	10
1475,553792	1475,638354	5
1475,657385	1479,117599	5
1479,117599	1479,256339	10
1479,256339	1479,392313	10
1479,440339	1479,496635	5
1479,517323	1479,552661	5
1479,571089	1479,611792	5
1479,63274	1479,676255	5
1479,703786	1479,739521	5
1479,795563	1481,442083	5
1481,442083	1482,333172	5
1482,355146	1482,930807	5
1482,930807	1483,173516	40
1483,173516	1483,31349	10
1483,31349	1500	25
1500,000182	1528,327151	5
1528,327151	1528,373349	10
1528,39399	1528,428479	5
1528,447391	1531,515828	5
1531,515828	1534,217609	5
1534,217609	1549,733688	5
1549,846583	1549,93913	10
1549,93913	1550,057151	25
1550,057151	1550,093693	5
1550,093693	1560	25
1560,000724	1561,09476	5
1561,09476	1561,635333	5
1561,635333	1561,881932	5
1561,93787	1563,812	5
1563,932469	1564,159625	30
1564,159625	1564,319708	5
1564,319708	1564,535005	10
1564,555104	1564,586839	5
1564,586839	1569,604984	5
1569,604984	1569,911411	10
1569,932349	1569,981641	10
1570,005208	1570,443563	5
1570,443563	1570,62212	10
1570,643594	1572,726698	5
1572,745469	1574,371333	5
1574,396104	1580,692677	5
1580,692677	1581,626422	5
1581,64599	1582,007198	5
1582,026693	1582,3355	10
1582,3355	1582,423839	10
1582,423839	1586,330156	5
1586,330156	1589,588297	5
1589,588297	1596,294964	5
1596,294964	1596,433557	10
1596,475745	1596,686573	5
1596,836604	1597,592052	5
1597,592052	1597,711917	5
1597,711917	1597,96937	5
1597,96937	1599,586802	5
1599,743781	1600,75174	5
1600,771297	1600,839714	5
1600,839714	1601,201521	25
1601,201521	1601,231432	5
1601,231432	1601,390422	30
1601,390422	1601,454141	5
1601,454141	1601,530453	10
1601,530453	1601,663656	20
1601,663656	1602,022885	5
1602,022885	1610,320349	5
1610,320349	1610,830286	35
1610,830286	1611,609448	35
1611,609448	1613,321641	5
1613,342135	1614,853573	5
1614,861286	1615,068385	15
1615,817932	1619,708901	5
1620,060156	1623,57974	5
1623,677781	1623,720479	5
1623,878672	1623,946099	10
1623,946099	1624,18	25
1624,34251	1624,882234	10
1624,987339	1625,218281	30
1625,218281	1625,776354	5
1625,776354	1626,065057	40
1626,065057	1626,210755	5
1626,210755	1628,425599	10
1628,986797	1629,281281	5
1629,281281	1629,504667	35
1629,504667	1629,710651	5
1630,120302	1630,140844	5
1630,267677	1630,765964	5
1631,357927	1634,287141	5
1634,287141	1634,927599	5
1634,959266	1635,172016	25
1635,172016	1635,224042	10
1635,224042	1635,374161	35
1635,812146	1637,275109	5
1637,275109	1637,807026	10
1638,231224	1638,378484	10
1638,512031	1638,563135	10
1638,640328	1639,233911	5
1639,328359	1639,627646	45
1639,627646	1639,772469	15
1642,288411	1643,479979	5
1644,471839	1644,802411	10
1644,802411	1644,955599	35
1645,990292	1646,446849	5
1647,288937	1650,317177	5
1650,872276	1651,084641	40
1651,467495	1651,590833	10
1652,04426	1652,609505	75
1652,661651	1652,855771	10
1653,342016	1655,043292	10
1655,52262	1655,743156	10
1656,642099	1656,773333	5
1657,404922	1657,587786	25
1657,587786	1657,630307	5
1657,826026	1657,865151	5
1658,018807	1658,149307	10
1658,149307	1658,237776	15
1659,321781	1659,719557	85
1659,719557	1659,897927	10
1660,09349	1660,732703	10
1660,732703	1660,936036	10
1660,962432	1661,042344	10
1663,483052	1664,758714	5
1664,938688	1665,1195	5
1665,402427	1666,260875	10
1666,260875	1666,410844	25
1666,726536	1667,127698	70
1667,167729	1669,600948	5
1669,670563	1669,822917	30
1670,398115	1670,608734	5
1670,653245	1671,050385	25
1671,050385	1671,677214	5
1671,746151	1671,829458	10
1672,221964	1672,903937	5
1672,957865	1673,249307	5
1673,249307	1673,450922	5
1674,206161	1674,461661	55
1674,461661	1674,59737	30
1674,939167	1675,341005	85
1675,864719	1676,167359	65
1676,22912	1676,676	50
1676,760719	1677,173057	35
1677,209688	1677,599229	30
1677,599229	1678,460729	70
1679,39687	1679,651812	35
1680,863135	1681,64863	65
1682,365625	1682,569615	45
1682,569615	1682,67251	25
1682,67251	1683,050281	50
1684,371875	1684,697422	45
1686,186146	1686,604734	45
1687,664677	1688,226974	45
1690,390943	1690,697755	45
1690,822677	1691,072635	25
1691,181505	1692,494349	10
1692,494349	1692,642099	15
1692,77275	1692,97887	15
1693,050797	1693,401255	15
1693,401255	1693,626943	35
1693,626943	1693,709719	15
1693,709719	1694,013208	15
1694,039151	1694,213021	10
1694,3205	1695,476698	15
1695,476698	1696,367375	30
1696,422714	1696,813333	20
1700,578901	1700,676271	15
1700,775448	1701,379141	90
1701,977099	1702,145089	10
1702,247344	1702,368911	15
1702,760932	1702,86837	10
1702,86837	1703,15701	10
1703,276349	1703,627021	10
1703,962422	1704,174365	10
1704,199297	1704,367755	10
1704,394573	1705,278161	15
1708,317781	1708,542099	45
1708,579703	1708,801339	35
1709,065875	1709,338083	25
1710,394807	1710,536667	25
1712,436792	1712,777578	70
1714,795771	1715,48413	20
1719,66163	1719,742604	10
1722,112635	1722,250042	20
1724,115417	1726,854266	10
1727,001677	1727,769042	10
1727,769042	1727,851141	15
1727,851141	1728,13774	30
1728,13774	1728,189839	10
1728,189839	1729,538766	10
1733,47588	1733,690063	45
1734,410094	1734,534094	25
1734,534094	1734,913005	45
1735,887828	1736,238891	40
1736,277339	1736,512781	40
1737,229047	1737,2965	10
1737,341828	1737,398448	5
1737,624839	1737,656141	5
1737,698854	1737,756151	5
1737,756151	1738,044781	10
1738,044781	1738,474573	40
1738,474573	1738,515599	10
1738,574542	1740	5
1740,003615	1743,512875	5
1743,632078	1743,672766	5
1743,730469	1748,018219	5
1748,018219	1748,289396	35
1748,289396	1748,843958	55
1748,843958	1750,177214	5
1750,177214	1773,268531	5
1773,268531	1800	5
1800,000932	1844,805182	5
1844,805182	1856,834177	5
1856,834177	1860	10
1860,000172	1871,445964	5
1871,540839	1871,567438	5
1871,567438	1873,734677	5
1873,734677	1873,817937	20
1873,931417	1874,251917	45
1874,251917	1874,450115	30
1874,533115	1879,857245	5
1879,857245	1880,352271	15
1880,446286	1883,849177	5
1883,874432	1887,458547	5
1887,458547	1894,134344	5
1894,153333	1894,20526	5
1894,20526	1894,262719	10
1894,346443	1894,458682	10
1894,629865	1894,710042	10
1894,77437	1899,985057	5
1899,985057	1900,203453	40
1900,203453	1903,951354	5
1903,951354	1904,112479	10
1904,305417	1904,41375	10
1904,544771	1904,822703	30
1904,822703	1911,442422	5
1911,714573	1911,847427	10
1911,847427	1912,017797	25
1912,163349	1912,23249	10
1912,23249	1912,382203	30
1912,382203	1912,506328	10
1912,533849	1912,563641	5
1912,563641	1912,803547	10
1912,844135	1912,875589	5
1912,875589	1912,94088	10
1913,134807	1913,180521	10
1913,254271	1914,831323	5
1914,831323	1915,264599	20
1915,264599	1915,755938	10
1915,755938	1916,455865	40
1916,805359	1917,285172	10
1917,285172	1917,366422	10
1920,001083	1921,991812	5
1921,991812	1922,596188	5
1922,596188	1923,305193	10
1923,305193	1923,543036	10
1923,624693	1924,08687	10
1924,130635	1924,252115	10
1924,252115	1924,382656	25
1924,382656	1924,450214	10
1924,470042	1924,953563	30
1924,953563	1928,07626	5
1928,07626	1928,161885	10
1928,161885	1928,295797	30
1928,295797	1928,604021	55
1928,604021	1929,064182	10
1929,087953	1929,132354	10
1929,334625	1929,589797	25
1929,589797	1929,658224	10
1929,763083	1929,89938	10
1929,89938	1929,987036	10
1930,08738	1930,172437	10
1930,172437	1930,302771	30
1930,302771	1930,358099	10
1930,383526	1932,611745	5
1932,78362	1932,854146	10
1932,876068	1937,089448	5
1937,163531	1940,787823	5
1940,787823	1948,362052	5
1948,382172	1948,434865	5
1948,454599	1952,372312	5
1980,001115	1982,92401	5
1982,92401	1983,16012	5
1983,16012	2001,607823	5
2001,607823	2004,425448	5
2004,425448	2004,647672	5
2004,647672	2004,988026	5
2005,035766	2040	5
2040,000911	2040,956042	5
2041,002573	2041,035854	5
2041,055203	2041,234036	5
2041,234036	2053,622724	5
2053,622724	2061,375964	5
2061,510599	2061,637906	5
2061,682911	2061,901172	45
2061,901172	2062,014849	15
2062,130953	2062,418432	45
2062,567885	2073,927594	5
2073,927594	2090,115391	5
2090,115391	2090,167693	5
2090,167693	2095,039839	5
2095,27951	2097,238792	5
2097,238792	2097,329667	10
2100,000594	2114,888573	5
2115,162443	2115,230521	10
2115,294396	2115,35176	5
2115,35176	2124,423328	5
2124,423328	2128,903266	5
2128,903266	2132,695068	5
2132,798323	2140,746115	5
2140,794391	2140,858292	5
2140,93024	2140,959958	5
2140,959958	2143,309198	5
2143,309198	2143,672703	30
2144,055177	2145,766141	5
2146,822437	2151,554	5
2151,754458	2152,416724	5
2160,000682	2160,892224	5
2161,684953	2161,948443	55
2162,113938	2162,298323	30
2162,298323	2164,317094	5
2165,119411	2166,686729	5
2168,170703	2168,506594	70
2168,535771	2168,961208	90
2169,797495	2170,708661	10
2170,763854	2172,813156	5
2173,884688	2174,32049	10
2176,312182	2177,527604	5
2177,977214	2178,120818	25
2179,091302	2179,777349	10
2179,777349	2180,026047	30
2180,026047	2180,082479	10
2180,259307	2180,508875	25
2180,508875	2180,867333	30
2180,867333	2182,736943	5
2184,315974	2184,899896	5
2185,008094	2186,332167	5
2186,332167	2187,935698	5
2188,812609	2189,042641	5
2189,119708	2189,585224	45
2191,701766	2194,327745	5
2194,693953	2195,148719	70
2195,276604	2195,60051	35
2195,787406	2196,00512	40
2196,092443	2199,867495	5
2199,867495	2199,974318	25
2200,26362	2200,307766	10
2200,638771	2201,010448	65
2201,010448	2202,128052	20
2202,128052	2205,675599	5
2205,927161	2206,11387	25
2206,11387	2206,772453	5
2207,029542	2207,562438	5
2208,102542	2208,286917	40
2208,858328	2209,119437	50
2210,361635	2211,768573	10
2211,920927	2211,976479	5
2212,224307	2212,311542	5
2214,677698	2214,765505	5
2214,793156	2218,880531	5
2220,556406	2223,505531	10
2224,84101	2225,081714	50
2225,149807	2225,45662	65
2225,94074	2226,28824	75
2226,28824	2230,90651	5
2231,349422	2231,68237	35
2231,68237	2233,664495	5
2233,908151	2240,1455	5
2240,681094	2240,897089	10
2241,327349	2243,245646	5
2243,245646	2243,39638	20
2243,39638	2244,919214	5
2244,919214	2245,092589	10
2245,092589	2248,22926	5
2248,22926	2248,595432	15
2250,3545	2258,058661	5
2259,718016	2261,015302	10
2261,824318	2262,376047	10
2262,548151	2262,629526	10
2263,11475	2263,25088	10
2263,25088	2263,409958	30
2263,409958	2263,558099	10
2263,689844	2264,814495	5
2265,065885	2268,653068	5
2269,65551	2271,589937	5
2271,810422	2272,350396	5
2272,677531	2273,26274	5
2273,395698	2273,565208	10
2273,592219	2273,736031	30
2273,736031	2273,870688	10
2273,870688	2274,049964	40
2274,049964	2274,301318	20
2274,324531	2275,817344	5
2277,081401	2277,582432	10
2277,582432	2277,726948	25
2277,726948	2277,809661	10
2277,97088	2278,61962	5
2279,163583	2279,747865	5
2280,064625	2281,844682	5
2282,533781	2282,939719	35
2283,406682	2283,632599	50
2283,792859	2283,881479	10
2284,466219	2284,625604	35
2284,625604	2287,285583	5
2287,522318	2291,762891	5
2291,825167	2292,173906	75
2292,21976	2292,90762	5
2293,047078	2293,108375	10
2293,130464	2293,298443	35
2293,298443	2298,539917	5
2298,823875	2300,369214	5
2300,369214	2300,732026	25
2300,76101	2300,908849	20
2300,908849	2303,808099	5
2303,808099	2304,212917	60
2304,212917	2304,670906	5
2304,689172	2327,002187	5
2327,064385	2327,165813	10
2327,165813	2327,678104	35
2327,678104	2332,642984	5
2340,001073	2341,289479	5
2341,314552	2350,480104	5
2350,505453	2350,539995	5
2350,631823	2351,171042	5
2351,74899	2361,105599	5
2361,105599	2361,155031	5
2361,155031	2361,415151	10
2361,415151	2361,549339	30
2361,592271	2361,868641	35
2361,868641	2361,917432	10
2361,967198	2366,535417	5
2366,535417	2366,645729	10
2366,668724	2366,743443	10
2366,764146	2366,825583	5
2366,825583	2366,872271	5
2366,872271	2367,003208	5
2367,022536	2367,104276	5
2367,104276	2367,167557	5
2367,256438	2369,073948	5
2369,093302	2369,142984	5
2369,142984	2369,218297	10
2369,240417	2369,281031	5
2369,281031	2369,377677	5
2369,425385	2369,450141	5
2369,499396	2369,527667	5
2369,57625	2369,618474	5
2369,645229	2369,68463	5
2369,726698	2369,764964	5
2369,799964	2369,826333	5
2369,941312	2370,024615	10
2370,067323	2370,165901	10
2370,165901	2370,321911	10
2370,526557	2370,561755	5
2370,655833	2372,169932	10
2372,567505	2373,049755	80
2373,257312	2375,013599	10
2375,013599	2375,34926	70
2375,384286	2375,598115	5
2375,79375	2377,452802	10
2377,854141	2379,837479	5
2379,837479	2379,959729	25
2379,959729	2383,943552	5
2384,374005	2384,683745	30
2384,683745	2384,716615	5
2385,081734	2387,406068	5
2387,513573	2387,73425	5
2387,993885	2390,063693	5
2390,063693	2390,212786	10
2390,571849	2392,894625	5
2393,049089	2396,161052	5
2396,400068	2396,75537	45
2397,045443	2399,032589	10
2400,005297	2400,234068	40
2400,720755	2401,145255	75
2402,118594	2403,741422	5
2404,658177	2405,500589	10
2405,862198	2406,397391	80
2406,590792	2406,657766	10
2406,948458	2407,148891	10
2407,148891	2407,189359	10
2407,270562	2407,866724	10
2407,866724	2407,977714	25
2407,977714	2409,86126	5
2409,86126	2410,160219	15
2410,160219	2410,61451	60
2410,725302	2411,273089	80
2411,312458	2412,288271	5
2412,318193	2412,397823	5
2412,59963	2413,152542	5
2413,510047	2418,362	5
2418,460464	2418,818682	35
2418,915667	2419,284562	80
2419,38912	2422,948052	5
2423,731448	2424,269432	5
2424,585979	2425,255177	5
2425,953141	2426,215953	10
2426,711818	2430,114177	5
2430,133125	2430,854448	5
2430,945844	2431,550937	85
2431,568057	2431,588979	5
2431,6695	2431,70087	5
2431,770047	2431,790073	5
2431,972078	2431,996417	5
2432,034573	2432,609943	5
2432,677042	2436,597094	5
2436,629094	2437,092531	80
2437,700635	2438,132167	75
2438,132167	2438,171521	5
2438,171521	2442,015109	5
2442,015109	2442,131141	25
2442,233214	2442,660401	20
2442,660401	2443,182667	5
2443,253302	2443,434917	5
2443,470646	2445,477	5
2445,495375	2445,538896	5
2445,831969	2445,884083	5
2446,011604	2446,049177	5
2446,439276	2447,182682	5
2447,182682	2449,451385	5
2449,822349	2449,873646	10
2450,418115	2450,482953	10
2450,57912	2450,658099	10
2450,93162	2454,212677	5
2454,212677	2454,299583	15
2454,882229	2455,402443	90
2460,000432	2463,008708	5
2463,158318	2465,841958	5
2465,841958	2465,923031	10
2465,923031	2470,53999	5
2470,711406	2470,747495	5
2470,800198	2471,483953	5
2471,54488	2471,66125	5
2471,66125	2471,749641	10
2471,84287	2471,955547	10
2472,117	2472,181906	5
2472,211599	2475,413995	5
2475,470526	2477,065339	5
2477,101583	2478,898854	5
2478,898854	2479,713323	10
2480,072333	2481,59863	5
2483,531797	2483,722052	40
2483,795026	2485,439854	10
2485,461786	2485,497151	5
2485,520469	2485,559901	5
2485,578323	2485,641818	5
2485,692698	2486,128172	45
2486,128172	2489,803464	5
2490,137182	2490,791307	10
2490,970437	2491,309365	50
2491,391182	2492,516396	5
2492,610646	2492,717615	5
2493,498042	2493,556901	10
2494,81875	2496,410917	5
2496,504495	2496,620474	5
2497,032839	2497,236573	10
2497,295083	2497,332375	5
2497,729974	2498,401974	10
2498,93099	2499,294938	50
2499,949661	2503,114854	5
2503,213531	2503,622604	10
2504,991917	2505,461661	15
2505,461661	2505,69362	30
2506,332068	2506,5335	35
2506,5335	2506,612057	10
2506,967479	2507,025115	10
2507,025115	2507,612786	45
2507,612786	2507,711354	5
2507,950474	2507,997682	5
2508,034427	2508,308089	45
2508,308089	2508,442219	25
2508,93976	2509,092417	30
2509,092417	2509,146615	10
2509,281083	2509,321448	5
2510,012984	2510,216328	30
2510,429979	2510,469594	5
2510,469594	2510,514328	10
2510,533365	2510,564307	5
2510,640583	2510,763661	10
2510,763661	2510,864224	25
2510,864224	2513,68551	5
2514,168411	2515,796432	5
2515,8225	2516,190646	5
2517,132911	2517,161755	5
2517,214937	2517,424563	45
2517,637609	2517,673292	5
2517,718719	2517,748547	5
2517,969031	2519,173453	5
2519,173453	2519,543875	5
2519,646667	2519,686292	5
2520,031359	2520,166885	10
2520,488292	2523,84026	5
2523,962937	2524,021677	5
2524,162599	2529,791094	5
2530,66426	2531,006302	70
2531,079245	2531,852594	10
2532,077969	2532,589266	5
2532,625484	2533,004062	65
2533,004062	2535,879432	5
2535,879432	2537,915927	5
2537,992318	2538,199307	25
2538,199307	2543,590526	5
2543,609703	2544,256755	85
2544,563854	2544,67899	10
2544,839776	2545,060677	40
2545,128312	2547,626677	5
2547,626677	2547,811219	15
2547,811219	2548,771104	20
2548,82726	2549,408339	75
2549,476427	2549,998901	75
2549,998901	2550,276245	30
2550,591396	2550,890094	50
2550,890094	2551,098703	30
2551,098703	2551,635833	35
2551,666172	2551,937557	35
2551,986682	2552,490161	40
2552,490161	2552,650953	15
2552,696188	2552,885047	15
2553,039823	2553,217427	40
2553,489	2553,824953	5
2554,445255	2554,777422	40
2554,84712	2555,482911	30
2555,512026	2556,030276	35
2556,287885	2556,412135	20
2556,412135	2556,639781	40
2557,016604	2557,136781	25
2557,518047	2557,56524	5
2557,56524	2557,785583	5
2557,86662	2558,027359	20
2558,08388	2558,471422	70
2558,742328	2559,088135	60
2559,088135	2559,376234	35
2559,376234	2559,679714	65
2559,808021	2559,928245	25
2559,971115	2560,210943	35
2560,446833	2560,839271	45
2561,239771	2561,391036	35
2561,654781	2561,909167	35
2561,924984	2562,440911	40
2562,770417	2563,237448	10
2563,492937	2564,207286	40
2564,23751	2564,507438	20
2564,507438	2565,516833	35
2565,516833	2566,043703	5
2566,05976	2566,356786	30
2566,356786	2566,671177	65
2566,671177	2566,791292	25
2566,791292	2567,153099	55
2567,24926	2567,554318	50
2567,571964	2568,079745	55
2569,118995	2569,550844	90
2569,899271	2570,06301	25
2570,06301	2570,74612	5
2571,762281	2571,806979	5
2571,885646	2572,236875	5
2572,236875	2574,209458	10
2574,609984	2575,750359	5
2575,750359	2576,192693	75
2576,192693	2576,381766	35
2576,381766	2578,833531	5
2578,833531	2578,998896	25
2579,185854	2579,75487	10
2580,224724	2580,369734	10
2580,369734	2580,523901	25
2580,523901	2580,699281	10
2580,699281	2580,960125	15
2580,960125	2581,119281	25
2581,119281	2581,247677	10
2581,260479	2581,545057	35
2581,870469	2582,644771	10
2582,644771	2582,81537	20
2583,459005	2585,523979	5
2585,523979	2586,035193	40
2586,50888	2586,552078	10
2587,521641	2588,345062	5
2588,766661	2589,036245	15
2589,877198	2590,503453	80
2591,104443	2591,900359	5
2591,903474	2592,29126	40
2592,326661	2593,116151	5
2593,96551	2594,025505	10
2594,025505	2594,174266	30
2594,372672	2594,546901	40
2595,434453	2595,46626	5
2595,506948	2595,527609	5
2595,645146	2596,830469	10
2596,886849	2597,460344	75
2597,460344	2597,921906	45
2598,095339	2598,325068	40
2598,736703	2598,846333	20
2598,979661	2599,176828	40
2599,176828	2599,266323	20
2599,266323	2599,58975	75
2599,58975	2600,191026	75
2600,212604	2600,709375	65
2600,990896	2601,213625	5
2601,931833	2602,276552	70
2603,390547	2603,763927	50
2603,890047	2604,308083	35
2604,308083	2605,638427	5
2605,638427	2605,750786	15
2605,750786	2605,990604	45
2606,109901	2606,236073	10
2606,32012	2606,52312	15
2606,562927	2606,626141	10
2606,905708	2607,193531	45
2607,241609	2607,331073	10
2607,331073	2607,461026	25
2607,574865	2607,628792	10
2607,6865	2607,7655	10
2607,786417	2607,861865	10
2607,947292	2608,046766	10
2608,046766	2608,860542	35
2608,860542	2609,16212	15
2609,16212	2609,596344	35
2609,7265	2609,771776	10
2609,771776	2609,999099	45
2610,366766	2610,417234	10
2610,516646	2610,596208	10
2610,691714	2610,791266	10
2610,849187	2610,882354	5
2610,909063	2624,088875	5
2624,503979	2627,148089	5
2627,148089	2627,276125	30
2627,372255	2627,603344	35
2627,603344	2627,64151	5
2627,64151	2627,88688	30
2628,011083	2634,278505	5
2640,000068	2643,466714	5
2643,466714	2643,796042	10
2643,890385	2644,099875	30
2644,359063	2651,947896	5
2652,003438	2652,488214	85
2652,57475	2652,600141	5
2652,640797	2652,668682	5
2652,699411	2652,731063	5
2652,764641	2652,795896	5
2653,099365	2658,583484	5
2659,009333	2660,394151	5
2660,472453	2662,07726	5
2662,192854	2662,255552	5
2662,255552	2662,679974	45
2662,679974	2666,518542	5
2666,518542	2666,593104	5
2666,829062	2666,925542	10
2667,094531	2668,963531	5
2669,416083	2669,669167	50
2669,669167	2670,530698	10
2670,587604	2670,835146	40
2670,835146	2670,985932	10
2671,085615	2671,808724	5
2671,808724	2672,387745	5
2672,387745	2672,44499	10
2672,54749	2672,577505	5
2672,818969	2676,881396	5
2676,881396	2677,758417	5
2677,758417	2677,919729	10
2677,923339	2681,968016	5
2681,999099	2682,052677	5
2682,149823	2682,180255	5
2682,242693	2682,276104	5
2682,276104	2682,35951	5
2682,378859	2682,425812	5
2682,425812	2682,47538	5
2682,516693	2682,557859	5
2682,557859	2682,612635	5
2682,612635	2684,630797	5
2684,840359	2685,403656	60
2685,72651	2685,898073	30
2685,898073	2686,278792	15
2686,278792	2694,930042	5
2695,043641	2695,309349	10
2695,366214	2696,479458	5
2696,479458	2696,595635	25
2696,689641	2696,972313	55
2697,104453	2697,203979	10
2697,323125	2699,698224	5
2699,698224	2700	30
2700,000552	2700,364839	5
2700,364839	2706,555385	5
2706,555385	2706,758938	40
2706,888187	2706,976156	10
2707,038724	2707,532495	30
2707,532495	2709,143089	5
2709,160885	2709,192161	5
2709,192161	2709,62912	35
2709,777911	2712,70651	5
2713,203219	2713,38574	15
2713,606531	2713,917818	45
2713,917818	2714,121339	35
2714,281115	2716,324443	5
2716,324443	2716,498115	10
2716,60675	2716,77162	10
2716,795448	2716,826495	5
2716,866135	2716,898089	5
2716,898089	2716,956714	10
2717,185859	2717,236937	10
2717,265255	2717,305766	5
2717,305766	2717,352875	10
2717,530964	2717,577203	5
2717,648057	2717,731771	5
2717,731771	2717,818411	10
2717,842354	2717,921635	10
2718,01075	2722,036599	5
2722,036599	2722,672042	40
2722,672042	2723,830286	5
2723,999516	2724,069281	5
2724,069281	2724,19288	25
2724,19288	2724,349906	5
2724,368375	2724,630875	5
2724,686875	2724,750755	10
2724,750755	2724,841333	10
2724,900344	2724,93974	5
2725,039708	2725,256516	5
2725,344234	2725,474302	10
2725,474302	2725,647078	30
2725,647078	2725,739115	15
2725,768031	2726,0515	40
2726,0515	2726,107109	5
2726,210839	2726,322437	25
2726,51101	2726,678745	25
2727,095125	2731,957812	5
2731,970562	2732,266557	20
2732,266557	2732,621224	55
2732,682844	2732,763354	10
2733,057734	2733,099854	5
2733,355938	2733,463203	25
2734,264688	2734,299766	5
2734,330286	2734,377448	10
2734,377448	2734,528635	30
2734,767885	2734,89137	15
2735,354536	2735,595474	50
2736,146161	2736,227615	15
2736,660609	2737,094813	50
2737,362885	2737,486349	20
2737,618542	2737,819573	10
2737,819573	2737,940932	30
2738,175536	2738,675464	30
2739,046995	2739,496318	30
2739,566875	2739,962604	40
2741,052792	2741,189385	15
2741,189385	2742,079729	40
2742,079729	2742,185354	10
2742,537167	2742,809552	10
2742,883115	2742,960792	10
2743,478125	2743,592745	15
2743,592745	2743,825214	30
2743,857312	2744,087094	30
2744,624911	2744,895417	30
2744,895417	2745,505901	10
2745,505901	2745,634062	15
2745,634062	2745,938786	30
2746,119911	2746,306839	35
2746,424771	2746,885964	5
2747,673693	2747,824615	30
2747,824615	2748,347583	15
2748,347583	2748,614219	30
2748,614219	2748,753219	10
2748,798547	2749,348422	25
2749,503036	2749,806844	25
2749,827552	2750,221318	30
2750,255318	2750,788729	80
2751,52551	2751,676214	25
2751,704031	2752,176125	10
2752,176125	2752,41176	20
2752,811453	2752,849068	5
2753,318063	2753,380766	10
2753,876943	2757,769417	5
2757,769417	2758,087479	55
2758,21049	2759,743167	5
2760,058698	2760,380422	40
2760,380422	2760,870521	10
2760,903724	2761,244078	35
2761,278437	2761,925599	35
2762,572057	2762,614297	5
2762,645474	2762,883089	40
2762,883089	2762,943339	10
2763,068656	2763,119615	10
2763,119615	2763,933453	35
2763,933453	2763,972016	5
2763,972016	2764,294495	30
2764,294495	2764,57201	10
2764,57201	2764,729938	25
2764,803599	2772,198302	5
2772,248188	2776,219026	5
2776,219026	2776,521313	55
2776,760891	2777,201896	50
2777,201896	2778,917292	5
2778,917292	2779,167828	30
2779,167828	2779,442042	35
2779,442042	2782,978302	5
2782,978302	2783,723536	75
2783,830031	2788,918583	5
2788,918583	2789,179745	15
2789,31774	2790,431078	10
2790,431078	2790,909354	10
2791,455828	2791,693922	5
2791,784865	2791,837771	10
2791,837771	2793,395401	10
2793,411964	2793,809885	40
2793,840932	2794,016208	20
2794,016208	2798,799682	5
2799,263865	2804,406495	10
2804,786891	2805,809255	5
2805,942229	2806,481807	70
2806,602172	2806,818109	10
2806,83963	2807,487604	30
2807,487604	2809,613531	5
2809,613531	2809,80537	10
2809,953349	2810,210469	30
2810,210469	2810,737323	45
2810,783906	2811,004937	45
2811,004937	2811,16901	25
2811,16901	2811,489562	55
2811,610318	2812,02775	70
2812,201495	2812,308109	5
2812,626125	2812,990401	50
2813,012911	2813,404682	70
2813,404682	2813,610792	15
2813,715849	2813,991823	30
2814,236823	2814,461823	40
2814,483766	2814,772057	45
2814,982859	2815,370292	45
2815,419318	2815,684339	45
2815,911344	2816,49151	40
2816,528766	2816,818318	40
2816,818318	2817,096115	15
2817,275005	2817,401453	15
2817,401453	2818,125635	30
2818,331115	2818,67874	30
2818,67874	2819,111214	5
2819,254708	2820	25
2820,027271	2820,3115	35
2820,343302	2820,573031	35
2820,606161	2821,204813	45
2821,204813	2821,750302	50
2821,750302	2822,014385	35
2822,041344	2822,63162	25
2822,63162	2823,570703	10
2823,818286	2823,918443	10
2824,105052	2824,874693	25
2825,00813	2825,148036	10
2825,148036	2825,532849	30
2826,837469	2833,824177	5
2834,554724	2835,658089	10
2835,93925	2836,77174	5
2836,77388	2837,116797	30
2837,466328	2839,463547	10
2840,199464	2840,341495	25
2840,905172	2841,116182	35
2841,418297	2841,658724	50
2841,759745	2842,144943	70
2842,414516	2842,715125	10
2842,715125	2842,858552	25
2842,858552	2844,859615	5
2845,085094	2845,610536	5
2846,084323	2847,593635	10
2847,593635	2847,703047	25
2847,703047	2853,406312	5
2853,406312	2853,853172	45
2853,853172	2854,042677	30
2854,042677	2854,552995	5
2854,552995	2854,648823	10
2854,674984	2855,549219	10
2855,549219	2857,095677	5
2857,220089	2857,353255	30
2857,353255	2859,672156	5
2859,729932	2860,197521	85
2860,197521	2860,545234	45
2860,872995	2860,960292	5
2861,03975	2861,557604	5
2861,557604	2864,68313	5
2864,68313	2868,52325	5
2868,929443	2869,291156	5
2869,790354	2869,918734	20
2869,918734	2870,66013	5
2870,66013	2870,72638	10
2870,830146	2870,969026	20
2870,969026	2871,639646	5
2871,639646	2875,872297	5
2875,872297	2876,190672	10
2876,214297	2876,27476	5
2876,320797	2876,405854	10
2876,405854	2876,545812	10
2876,545812	2876,673057	30
2876,673057	2879,757516	5
2880,000078	2880,366719	5
2880,468453	2880,567995	5
2880,610948	2880,643745	5
2880,643745	2881,172849	5
2881,368146	2886,063469	5
2886,167328	2893,5875	5
2893,637208	2893,704141	5
2893,704141	2893,874031	5
2893,874031	2902,685182	5
2902,685182	2907,27963	5
2907,313531	2921,587146	5
2921,625703	2921,65162	5
2921,794453	2921,819083	5
2922,017234	2922,063917	5
2922,097104	2922,144417	5
2922,144417	2922,331818	35
2922,331818	2926,295776	5
2926,478005	2926,736792	25
2926,736792	2929,436292	5
2929,436292	2930,912885	5
2931,100766	2936,174698	5
2936,196552	2936,467776	5
2936,539531	2936,604443	10
2936,660005	2939,183615	5
2940,002078	2940,586823	5
2940,586823	2940,627198	10
2940,627198	2941,819089	5
2941,819089	2941,916068	10
2941,916068	2942,082771	25
2942,082771	2945,20376	5
2945,20376	2949,735833	5
2949,735833	2951,319437	5
2951,319437	2957,855307	5
2957,855307	2958,154333	55
2958,779849	2958,948177	30
2959,157833	2962,590953	5
2962,690161	2962,756516	10
2962,756516	2963,02888	50
2963,344583	2963,433505	10
2963,467635	2963,687891	25
2963,687891	2969,44763	5
2969,872698	2970,319526	10
2970,70875	2970,943266	40
2971,0825	2973,561568	5
2973,561568	2975,529542	5
2975,529542	2978,598698	5
2978,598698	2982,391177	5
2982,664234	2984,028068	5
2984,043349	2984,265229	30
2984,265229	2984,360609	10
2984,403589	2996,443729	5
2996,443729	2997,078656	5
2997,517047	2998,854328	5
2998,854328	2999,146594	5
2999,203615	2999,547406	5
2999,665276	2999,726385	10
2999,775891	2999,809693	5
2999,809693	2999,907172	10
3000,001349	3000,117552	10
3000,217302	3000,314437	5
3000,364536	3001,225786	5
3001,389057	3005,872844	5
3005,928094	3005,962969	5
3005,962969	3006,208422	40
3006,208422	3006,276557	10
3006,546875	3006,630917	10
3006,630917	3006,738422	25
3006,759057	3006,841099	10
3006,841099	3007,11726	10
3007,11726	3007,192589	10
3007,236797	3010,302281	5
3010,395484	3010,817417	45
3010,817417	3010,946995	10
3010,987099	3011,248448	5
3011,248448	3011,357719	10
3011,357719	3011,493953	30
3011,493953	3011,54087	5
3011,560771	3011,654177	10
3011,980859	3012,159042	30
3012,159042	3017,450776	5
3017,450776	3025,998333	5
3027,785891	3028,346901	5
3028,440823	3029,817698	70
3030,057521	3034,756297	5
3035,275224	3035,347958	10
3035,622849	3041,144339	5
3041,144339	3041,251547	20
3043,654599	3046,915484	5
3046,915484	3047,07687	10
3047,340396	3047,540359	20
3047,615656	3048,30649	35
3048,30649	3051,097344	5
3051,097344	3060	5
3060,000063	3060,927828	5
3060,927828	3060,994333	10
3060,994333	3061,241865	40
3061,647984	3069,798891	5
3069,798891	3070,003448	10
3070,198068	3070,906714	5
3070,906714	3071,034036	25
3071,034036	3071,059625	5
3071,059625	3093,869109	5
3093,869109	3093,96737	10
3093,96737	3094,21224	35
3094,261307	3104,849656	5
3104,849656	3105,202703	75
3105,345661	3109,883203	5
3109,883203	3110,077026	10
3110,116365	3113,80126	5
3113,80126	3114,079396	60
3114,186573	3120	5
3120,000927	3121,145094	5
3121,617052	3122,186307	85
3122,339984	3132,72287	5
3132,79026	3132,872448	5
3132,872448	3133,140682	5
3133,140682	3133,255177	10
3133,255177	3133,417563	30
3133,417563	3144,290104	5
3144,53562	3152,308151	5
3152,308151	3152,489396	35
3152,489396	3156,333818	5
3156,576667	3156,937677	5
3157,397391	3167,189526	5
3167,477609	3167,571901	15
3167,571901	3167,96449	85
3168,012776	3172,44813	5
3173,339766	3178,072776	5
3178,075052	3178,290552	35
3179,843297	3179,874109	5
3180,001667	3182,730359	5
3182,730359	3182,897807	10
3182,897807	3183,035344	30
3183,196953	3183,426344	40
3184,984964	3185,007057	5
3185,298271	3186,036365	40
3186,036365	3186,119958	10
3186,611187	3186,663057	5
3186,895839	3188,419214	5
3188,419214	3188,775	45
3188,971651	3189,789573	5
3189,789573	3192,625922	5
3192,646328	3192,691688	5
3192,691688	3192,742266	5
3193,241167	3193,279583	5
3193,279583	3193,348099	5
3193,378609	3193,415839	5
3193,469099	3193,493932	5
3193,493932	3193,853563	40
3194,12062	3194,797677	5
3194,797677	3196,465354	5
3196,614026	3196,83562	35
3196,83562	3196,913078	5
3196,913078	3197,124776	40
3197,217156	3197,282203	10
3197,71799	3197,813849	10
3198,310073	3199,087417	90
3199,408661	3200,039479	30
3200,039479	3201,784417	5
3201,784417	3202,314656	30
3202,314656	3203,565729	10
3205,158797	3206,370771	5
3210,072359	3210,719979	95
3239,713042	3239,763229	10
3258,904896	3259,094109	25
3259,424719	3259,60437	30
3259,651458	3259,748667	20
3278,98174	3279,63875	110
3279,849359	3280,086479	40
3282,022167	3282,343	65
3282,647682	3283,243974	100
3290,280604	3290,65199	75
3291,400818	3291,620948	45
3291,691917	3291,955693	50
3292,701714	3293,472505	95
3294,365943	3294,612917	40
3295,463313	3295,773016	20
3295,773016	3296,146734	20
3296,19126	3296,705354	15
3297,446307	3297,690219	45
3297,817464	3298,263312	90
3303,604047	3304,340495	85
3304,968714	3305,197938	50
3305,197938	3305,570938	80
3308,15437	3308,522469	50
3309,338443	3309,600964	45
3311,868646	3312,333073	80
3314,230214	3314,927594	65
3318,326547	3319,705427	75
3319,705427	3320,290208	65
3320,52763	3321,07601	55
3321,07601	3322,112891	40
3322,618552	3323,15649	35
3323,182036	3323,475229	25
3323,694026	3323,832859	30
3324,027266	3324,099583	10
3324,143396	3324,367562	15
3324,885099	3325,16312	35
3325,26613	3325,447057	15
3325,629062	3325,844797	30
3326,407844	3326,69975	35
3326,733891	3327,055104	25
3327,35699	3328,111865	40
3330,598208	3331,062833	80
3332,271536	3334,49112	5
3335,091344	3338,839271	5
3339,419484	3339,804641	5
3339,804641	3340,010438	10
3340,15674	3340,279339	25
3340,543552	3340,748453	10
3340,970615	3341,028875	5
3341,24375	3341,747042	10
3343,375927	3346,97799	10
3347,346896	3347,804042	95
3348,006786	3348,065443	10
3348,362266	3348,776365	80
3348,776365	3349,154812	75
3349,154812	3349,276391	25
3349,276391	3350,746698	5
3351,047969	3351,347958	5
3352,034182	3352,352948	65
3352,505042	3352,904359	85
3354,357516	3354,471005	15
3354,471005	3354,740703	30
3354,740703	3355,116776	30
3355,116776	3355,6135	10
3356,403396	3356,428688	5
3356,649917	3357,759943	90
3357,950151	3358,874604	40
3358,915073	3359,241036	40
3359,241036	3359,537255	25
3360,010005	3361,114656	5
3361,237089	3361,264312	5
3361,264312	3361,51513	30
3361,60974	3362,253156	60
3362,253156	3363,024109	40
3363,117328	3363,538693	55
3363,633188	3363,879833	55
3364,75338	3365,551755	40
3365,71688	3366,054698	15
3366,21675	3366,29925	20
3367,085193	3367,569208	85
3369,259755	3370,145312	5
3370,858516	3371,338578	90
3371,621266	3372,351198	85
3372,876823	3373,071234	40
3373,3935	3374,083422	85
3374,565917	3376,088026	5
3377,960802	3378,569943	55
3378,619755	3378,903375	40
3378,903375	3379,068406	10
3379,159214	3379,450302	5
3379,521896	3379,836807	35
3381,902583	3382,166667	35
3382,474536	3382,892979	50
3383,402255	3383,719703	45
3383,861438	3384,185188	15
3384,185188	3385,039891	25
3385,264615	3385,442073	30
3385,442073	3385,624464	20
3385,986937	3386,59474	10
3386,793417	3388,209979	10
3388,219167	3388,979797	30
3388,999057	3389,898755	40
3389,898755	3390,675453	10
3390,675453	3391,411667	25
3391,43013	3392,120245	25
3392,120245	3392,168052	10
3392,168052	3392,296099	10
3392,316401	3392,363891	5
3392,52763	3392,580604	10
3392,604698	3392,831302	30
3392,962313	3393,531948	5
3393,531948	3393,628062	20
3393,628062	3394,369026	10
3394,643995	3395,582	25
3395,582	3396,304708	45
3396,78112	3397,237714	80
3397,632344	3398,352396	45
3398,456797	3398,999385	30
3399,80363	3400,235141	90
3401,096984	3401,582979	85
3401,582979	3402,023932	90
3402,714057	3404,616948	5
3404,616948	3404,709786	10
3405,041099	3405,306094	55
3405,434089	3405,509781	10
3405,584484	3406,079271	75
3406,757771	3406,858359	20
3406,858359	3407,888547	5
3408,062932	3408,818172	5
3408,866906	3409,192526	70
3409,799115	3410,063896	30
3410,362349	3410,908276	65
3410,908276	3411,096234	30
3411,096234	3411,13601	5
3411,13601	3411,390203	60
3411,449026	3411,529026	10
3411,789172	3411,876635	10
3411,903422	3411,982453	10
3412,184474	3412,224656	5
3412,247161	3412,280578	5
3412,525271	3412,563036	5
3412,592083	3412,879083	45
3412,922115	3413,133688	30
3413,133688	3413,170589	5
3413,170589	3413,278964	10
3413,318797	3413,450495	10
3413,829359	3414,075307	45
3414,337125	3414,749318	40
3414,851245	3414,885849	5
3415,539656	3415,775531	45
3416,019604	3416,550844	55
3416,684443	3416,87376	40
3417,61274	3418,103599	65
3418,70962	3418,857208	20
3418,899682	3419,018859	25
3419,225932	3419,68562	80
3420,482516	3420,730443	40
3421,35675	3421,65926	30
3422,287266	3422,61862	70
3422,771422	3423,136281	75
3423,475651	3423,881089	70
3423,881089	3424,150417	10
3424,405599	3424,486245	20
3424,486245	3424,73725	35
3425,023385	3425,377203	65
3425,377203	3425,442854	10
3425,501146	3425,675917	15
3425,675917	3425,797078	20
3425,828214	3425,974198	20
3426,703031	3426,862865	25
3428,089953	3428,283401	30
3428,641932	3428,933859	15
3429,021104	3429,357229	35
3429,390417	3429,743323	30
3429,766849	3430,003151	25
3430,21113	3431,967292	30
3431,996333	3432,166479	30
3432,194578	3433,229286	25
3433,571104	3433,774474	30
3434,021885	3434,221865	15
3435,021396	3435,623943	45
3435,778182	3435,96924	25
3436,457656	3436,981745	70
3438,033948	3438,206693	35
3438,206693	3441,582026	5
3441,582026	3441,70462	25
3441,743318	3442,115755	65
3442,115755	3442,264224	35
3442,291255	3442,627474	25
3442,627474	3443,8805	5
3444,015161	3444,454318	5
3445,141599	3445,786714	10
3445,786714	3446,017427	10
3447,054714	3447,901984	85
3447,901984	3447,925073	5
3448,157391	3448,182854	5
3455,980948	3456,421526	30
3475,407542	3475,50275	10
3477,864219	3478,147646	20
3478,393464	3478,607984	15
3479,020172	3479,161484	25
3479,367109	3479,424229	10
3479,424229	3479,759188	30
3481,830141	3482,087333	55
3482,294651	3482,87726	75
3483,332651	3483,553354	40
3502,415078	3502,576333	35
3503,13974	3503,225464	5
3552,505479	3553,243901	55
3553,310901	3553,622203	65
3553,75938	3554,255255	60
3555,016401	3555,341151	65
3555,823115	3556,287224	50
3556,927448	3557,211698	60
3557,263891	3557,521672	55
3559,077859	3559,418625	60
3560,473182	3560,929938	65
3561,235479	3561,365281	25
3561,600167	3562,127057	45
3562,392625	3562,489703	20
3562,81801	3563,138562	55
3564,055943	3564,313604	55
3564,329682	3565,797146	60
3566,441453	3566,938797	45
3567,109021	3567,656208	55
3568,020823	3568,426964	55
3568,650766	3568,82799	35
3569,457646	3570,119943	55
3570,756198	3571,250625	40
3571,250625	3572,088115	60
3572,088115	3572,180766	10
3572,180766	3572,583844	85
3572,606104	3573,050281	60
3573,141677	3573,533615	25
3573,724917	3573,892729	25
3574,855156	3574,977677	25
3588,731552	3588,81625	10
3603,237344	3603,586562	40
3603,586562	3603,996182	85
3607,966635	3608,216896	40
3608,216896	3608,593937	65
3611,498266	3612,022073	105
3612,022073	3612,352016	50
3618,491271	3618,746167	45
3618,787245	3619,134734	45
3625,835417	3626,261885	40
3635,281859	3635,553609	55
3638,100031	3638,29975	35
3647,322391	3647,40687	20
3657,270089	3657,350953	10
3658,525599	3658,619073	10
3679,115401	3679,284391	35
3679,772609	3680,425927	110
3682,949292	3683,355792	60
3683,470453	3684,177203	60
3686,571318	3687,357833	90
3687,554828	3687,861307	45
3688,014578	3688,360187	70
3688,960781	3689,575422	105
3690,670104	3691,11126	75
3691,444677	3691,784984	70
3691,809562	3692,067641	40
3692,422073	3692,681943	45
3693,905745	3694,17849	35
3695,061667	3695,681677	35
3702,962703	3703,112896	25
3703,112896	3703,343281	40
3704,027599	3704,415583	80
3714,83575	3715,159745	55
3715,159745	3715,342146	40
3716,138328	3716,662062	65
3716,804417	3717,35126	70
3718,248979	3718,661479	85
3719,379109	3719,669156	40
3719,669156	3719,778948	20
3720,009625	3720,101109	15
3720,788557	3720,956052	35
3721,599693	3721,741057	25
3721,88575	3722,309115	75
3723,126073	3723,795688	40
3724,130271	3724,415849	60
3724,415849	3724,629854	25
3725,551927	3726,907427	55
3727,815833	3728,282911	80
3728,487948	3729,273818	60
3729,325375	3729,629042	55
3729,704026	3730,501057	40
3730,501057	3730,572135	10
3730,600443	3730,780724	30
3730,882094	3731,068615	15
3731,164208	3731,263271	10
3732,365786	3732,759495	70
3733,039302	3733,40625	35
3733,803714	3734,103854	40
3734,658932	3734,857057	15
3734,857057	3735,143833	40
3736,448432	3736,893922	50
3737,6145	3737,856609	20
3737,956161	3739,457505	10
3739,49101	3741,398266	25
3741,743161	3741,856042	25
3748,126828	3748,324151	35
3749,480125	3749,706646	50
3750,080422	3750,192266	20
3753,799969	3754,484609	70
3756,465849	3756,684193	40
3760,120734	3760,560708	65
3761,157911	3761,503917	70
3764,712688	3764,953688	35
3764,953688	3765,275411	20
3765,504969	3767,081891	20
3767,692297	3768,234417	50
3768,550151	3768,774839	25
3768,774839	3769,39375	10
3769,39375	3769,798307	40
3770,28049	3770,656682	45
3770,771531	3771,209474	35
3771,651427	3771,767776	15
3772,439031	3772,493349	10
3772,56399	3772,791807	40
3772,831	3773,063943	35
3773,063943	3773,124458	10
3773,145057	3773,189609	5
3773,189609	3773,443234	35
3773,443234	3773,484661	10
3773,484661	3773,613859	30
3773,822646	3773,877953	10
3773,943943	3777,055859	5
3777,323417	3777,49974	40
3777,603828	3777,779151	40
3777,841698	3778,013109	25
3780,000573	3782,973766	5
3783,341635	3783,533672	30
3783,811484	3784,193844	85
3785,540286	3785,652245	25
3786,624948	3786,683161	5
3787,101635	3790,267125	5
3790,547823	3790,832906	25
3790,832906	3795,855448	5
3797,216734	3797,31751	20
3797,451635	3797,59375	30
3797,7145	3798,242932	70
3798,581479	3802,104219	5
3802,106828	3802,677187	45
3802,677187	3803,258167	65
3803,258167	3803,448281	35
3803,448281	3806,88013	10
3807,343937	3808,597328	65
3809,00262	3809,407094	50
3809,407094	3809,555385	30
3809,964578	3815,056036	5
3815,194151	3816,567109	5
3816,598818	3816,883401	45
3816,92938	3817,007417	10
3817,026313	3817,056922	5
3817,056922	3817,231432	30
3817,39887	3817,652776	35
3817,652776	3819,011651	5
3819,355172	3820,505271	5
3820,622391	3820,696896	10
3820,795016	3820,95313	30
3821,106005	3821,614599	35
3821,834536	3821,924214	10
3821,98201	3824,295526	5
3824,641958	3829,26951	5
3829,874156	3830,177276	65
3830,177276	3830,534521	5
3830,545375	3830,911641	45
3831,006625	3837,196828	5
3837,196828	3837,454625	40
3837,454625	3837,482958	5
3838,167302	3838,445943	35
3840,043984	3840,642224	75
3840,642224	3845,963036	5
3846,246776	3846,662375	60
3846,748531	3848,925057	5
3849,6835	3850,519979	80
3851,85674	3853,67576	5
3854,935807	3855,131109	25
3855,403729	3855,699693	50
3856,056536	3856,375974	70
3856,44763	3856,838276	80
3857,664943	3861,217151	5
3861,217151	3861,319281	5
3861,319281	3861,758375	65
3862,925125	3866,377432	5
3867,371672	3870,431396	5
3873,194745	3875,933323	5
3875,965849	3877,926198	5
3879,963198	3881,665807	5
3882,408698	3886,425599	5
3887,095615	3887,115005	5
3887,419786	3887,460042	5
3887,516547	3887,551026	5
3887,955245	3887,975219	5
3888,744698	3892,066224	5
3895,831313	3896,250328	75
3901,059562	3901,675198	55
3928,558927	3928,653063	20
3929,766115	3930,399464	65
3930,928974	3931,563224	40
3931,943203	3932,311188	75
3935,524714	3935,925911	85
3944,559599	3944,91126	75
3945,964724	3946,892948	80
3949,848432	3950,634844	40
3950,661615	3951,14588	45
3951,645344	3951,997849	60
3952,016318	3952,559354	55
3952,609151	3952,847365	50
3952,894047	3953,401094	50
3953,524068	3953,774307	35
3953,808844	3954,238813	35
3954,264802	3955,202875	25
3955,202875	3957,042161	10
3960,000042	3961,158505	5
3961,6365	3961,701714	10
3962,245979	3966,092151	5
3966,425313	3966,692031	50
3967,237932	3967,377302	25
3967,769026	3968,440745	5
3968,440745	3968,572198	30
3968,678266	3973,642823	5
3973,854719	3974,97038	70
3975,658828	3976,309677	10
3976,618344	3977,187802	65
3977,187802	3978,316344	5
3978,674391	3978,948297	60
3978,980234	3995,51013	5
3995,51013	3995,846422	5
3996,376359	3996,816719	5
3996,816719	3999,57637	5
3999,57637	4000,528708	5
4000,798292	4004,964172	5
4004,964172	4005,382979	50
4005,467818	4005,835109	35
4006,557245	4008,455161	5
4008,814635	4011,750307	5
4013,462516	4013,660302	35
4013,785583	4014,146203	75
4014,466974	4014,510219	10
4015,015292	4015,044089	5
4015,290474	4018,412786	5
4018,820109	4019,449531	5
4019,458354	4019,615224	15
4019,746115	4019,859089	25
4020,902036	4021,034016	20
4021,034016	4028,001391	5
4028,754812	4029,32788	60
4029,32788	4029,747755	5
4030,283344	4031,387141	5
4032,562714	4032,831563	45
4032,854693	4033,403792	90
4033,622073	4034,122943	70
4034,122943	4038,255724	5
4038,558854	4042,474922	5
4042,494479	4042,635609	25
4042,635609	4042,708839	10
4042,708839	4042,889198	10
4042,889198	4042,972385	10
4042,972385	4043,084349	25
4043,084349	4043,876849	5
4043,876849	4044,120536	35
4044,120536	4044,421214	5
4044,421214	4045,920958	5
4045,920958	4049,21787	5
4049,21787	4049,354078	30
4049,37824	4049,499042	20
4049,499042	4051,024141	5
4051,298578	4059,296719	5
4059,296719	4070,144312	5
4071,067443	4071,958714	85
4071,958714	4072,913901	80
4073,245953	4073,784427	40
4074,04363	4079,822036	5
4079,822036	4080	25
4080,030354	4080,200521	15
4080,457042	4080,53649	10
4080,53649	4080,810187	35
4080,890292	4081,06174	25
4081,088297	4081,36037	30
4081,545875	4081,571214	5
4081,612089	4081,75851	25
4081,75851	4081,785781	5
4081,834057	4081,862641	5
4081,862641	4082,04601	30
4082,04601	4082,071464	5
4082,124958	4082,76849	10
4082,892365	4086,565385	5
4086,565385	4086,946536	20
4087,753516	4088,124729	5
4088,255458	4090,422526	5
4090,599719	4090,637562	5
4090,71712	4091,831432	5
4091,831432	4091,894776	10
4091,894776	4092,246448	75
4092,382786	4094,224625	5
4094,714635	4094,946786	40
4095,328422	4095,665641	70
4095,785104	4096,164156	65
4096,202734	4097,225646	5
4097,832328	4098,201354	20
4098,360703	4098,818875	80
4098,818875	4099,202083	55
4099,359208	4102,871021	5
4103,009104	4103,648438	55
4104,938099	4106,595547	5
4107,688094	4111,537979	10
4115,678583	4116,887099	80
4142,300448	4142,478156	40
4144,281323	4144,681073	80
4144,681073	4145,54749	110
4146,711625	4147,163786	90
4148,46388	4148,632786	25
4150,472078	4150,991932	90
4154,33312	4154,812078	80
4154,924	4155,63462	80
4159,613052	4160,648526	65
4162,282208	4162,566849	60
4163,080938	4164,072599	65
4164,739198	4164,889219	20
4164,889219	4165,193745	35
4165,829573	4166,147828	50
4166,814385	4167,181354	75
4168,842432	4168,993974	30
4169,28525	4169,560526	50
4173,617609	4174,285286	35
4180,496552	4180,63075	10
4182,33551	4182,810865	80
4186,465052	4186,997396	65
4187,836339	4187,956536	25
4187,956536	4188,431234	5
4193,412104	4193,831958	85
4195,103927	4195,146516	5
4195,37237	4195,997865	70
4196,065745	4196,518245	55
4196,604052	4196,838875	40
4196,977432	4197,365391	40
4197,591672	4197,954505	45
4199,766521	4199,891495	10
4200,011792	4200,106875	10
4200,289161	4200,658229	65
4200,658229	4200,774542	20
4200,908255	4201,012484	20
4201,480458	4201,555099	10
4201,71087	4201,735406	5
4202,161927	4202,402479	30
4202,402479	4202,476599	5
4202,674479	4202,846078	30
4203,287073	4203,461719	5
4203,808646	4203,982844	10
4204,313854	4204,495328	5
4204,640891	4204,905547	55
4205,306578	4205,478964	5
4206,048203	4206,257599	35
4206,294286	4206,509568	45
4206,530516	4206,836062	65
4206,899792	4207,272703	65
4207,564943	4208,214786	10
4208,214786	4208,371828	30
4209,243396	4209,590708	20
4209,879938	4210,027365	25
4210,205708	4211,072271	15
4211,976422	4212,429922	10
4219,171677	4219,536083	35
4229,155188	4229,627828	55
4229,946724	4230,180776	50
4232,517089	4232,59574	20
4232,807698	4233,094078	45
4234,706969	4235,184693	80
4235,200844	4236,021641	75
4236,021641	4236,43924	55
4237,201854	4237,740026	25
4238,426719	4238,636417	10
4238,636417	4238,784146	25
4238,822307	4238,921802	20
4239,229182	4239,676443	35
4240,175797	4240,424719	45
4240,469141	4240,744604	15
4240,744604	4240,877729	30
4241,139922	4241,287891	20
4241,423391	4242,910714	10
4242,910714	4243,014635	15
4243,127698	4243,903896	15
4243,929198	4244,004422	10
4244,027328	4244,176927	10
4244,176927	4245,183656	15
4245,315807	4245,441563	20
4245,441563	4245,881031	30
4245,881031	4246,122698	20
4246,476547	4246,809703	60
4246,809703	4247,150432	55
4247,150432	4247,264891	15
4247,264891	4247,687734	25
4247,687734	4247,850661	35
4247,904125	4248,04524	25
4248,125161	4248,370005	40
4248,415083	4248,546318	30
4248,637578	4248,947313	35
4248,979714	4249,336677	25
4249,464297	4250,056526	50
4251,372469	4251,465714	15
4251,465714	4252,714318	30
4252,928495	4252,982906	10
4252,982906	4253,209245	20
4253,250932	4253,743083	15
4253,781953	4253,942057	20
4254,153177	4254,287604	20
4254,287604	4254,383672	10
4254,899844	4255,20537	30
4255,231281	4255,445703	15
4255,445703	4255,940536	30
4255,972182	4256,384844	20
4256,817797	4257,293849	35
4257,787505	4258,064557	35
4258,326755	4259,100016	90
4259,26149	4259,838307	30
4260,029964	4260,389177	20
4260,389177	4260,502615	10
4260,502615	4260,623536	25
4260,623536	4260,697708	10
4260,759255	4261,07112	15
4261,07112	4261,52137	35
4261,61037	4261,876865	50
4273,900365	4274,020224	25
4298,588672	4298,801354	40
4300,45713	4300,717818	55
4300,717818	4301,08713	75
4304,53749	4305,094042	55
4305,094042	4305,505792	45
4305,505792	4305,975146	40
4305,975146	4306,107807	10
4306,107807	4306,327521	25
4306,327521	4306,81601	10
4307,230396	4307,445703	40
4307,445703	4316,38613	5
4316,479906	4319,767755	5
4320,001505	4324,073812	5
4324,547667	4324,583766	5
4324,60413	4324,648536	5
4324,648536	4324,799901	35
4325,058464	4325,476203	40
4325,599464	4325,777333	40
4325,816505	4326,081453	45
4326,081453	4326,110672	5
4326,898865	4326,930354	5
4326,930354	4327,683651	85
4332,566125	4332,910417	75
4333,196224	4333,457781	55
4334,827359	4335,006057	40
4335,006057	4335,054552	10
4335,075557	4335,115281	5
4335,208391	4335,428464	25
4335,428464	4335,516906	10
4335,639672	4335,910635	25
4336,027385	4336,166578	15
4336,166578	4336,287677	25
4336,300604	4336,84863	10
4336,869906	4337,104385	10
4337,104385	4337,29825	15
4337,887349	4338,48101	30
4340,224266	4340,550021	45
4340,746708	4341,363724	45
4343,346021	4344,056891	30
4344,179979	4344,333156	15
4344,333156	4344,589266	20
4344,636396	4345,111656	15
4345,4335	4345,939552	45
4346,002932	4346,119771	25
4346,556734	4347,290109	105
4350,416859	4350,634328	45
4352,19962	4353,733552	65
4354,42488	4354,613182	40
4355,321047	4355,44076	25
4356,051766	4356,538672	55
4356,538672	4356,613104	5
4359,263266	4359,43113	30
4359,484255	4360,119234	45
4360,233286	4360,330776	10
4360,330776	4360,563906	45
4361,248286	4361,417026	30
4361,466984	4362,163313	60
4362,163313	4362,303594	25
4362,303594	4363,122214	40
4363,423099	4363,51851	5
4363,51851	4369,174104	5
4369,174104	4369,587792	55
4369,587792	4370,36788	10
4370,36788	4370,817203	30
4370,817203	4371,101359	15
4371,101359	4371,331266	50
4371,431016	4372,125495	45
4372,125495	4372,257797	20
4372,338536	4372,625245	40
4373,264536	4373,475635	5
4373,475635	4373,577911	15
4373,880729	4374,072172	5
4374,107271	4374,193167	5
4374,193167	4374,365177	5
4374,723974	4376,000823	5
4376,000823	4376,156646	35
4376,156646	4376,236073	5
4376,523854	4376,638536	10
4376,709109	4377,06124	20
4377,20762	4377,456901	5
4377,519089	4377,665104	5
4377,665104	4379,035781	5
4380,171698	4380,327906	35
4380,327906	4380,832656	5
4380,859495	4381,017333	5
4381,910531	4382,016062	5
4382,117042	4382,226339	5
4382,300651	4382,367021	5
4382,531536	4383,042495	40
4383,042495	4383,129437	5
4383,129437	4383,450208	45
4383,651698	4384,286521	50
4384,462573	4384,50312	10
4384,50312	4385,078901	40
4385,276958	4385,904646	65
4387,065437	4387,43776	60
4387,707323	4388,010052	35
4388,127354	4389,127844	5
4389,283557	4389,444818	15
4389,59775	4389,782854	40
4389,782854	4389,879932	15
4389,912771	4390,040484	10
4390,078094	4390,27138	40
4390,589432	4390,675714	10
4390,755979	4390,892833	25
4390,892833	4391,181406	45
4391,304526	4391,527297	45
4391,74724	4392,656719	5
4392,656719	4392,917208	45
4392,917208	4393,106323	10
4393,106323	4393,235953	25
4393,402255	4393,452526	10
4393,492234	4393,548542	10
4393,684094	4394,334312	35
4394,363792	4394,789177	30
4395,052073	4395,318318	25
4395,318318	4395,707562	10
4395,707562	4396,113302	35
4396,143339	4396,410354	25
4396,410354	4397,305411	5
4397,305411	4397,579667	20
4397,579667	4398,18425	10
4398,18425	4398,409573	30
4398,542854	4398,846255	40
4398,994062	4399,543865	30
4399,543865	4399,802703	15
4399,892016	4400,784359	5
4400,817292	4401,703172	10
4401,703172	4402,068417	15
4402,140458	4403,13824	5
4403,302266	4403,578135	5
4403,677911	4405,759089	40
4405,78938	4406,34438	30
4406,34438	4406,490667	10
4406,490667	4408,067771	10
4408,216188	4408,666438	10
4408,693167	4409,345156	60
4409,490687	4409,669479	20
4410,315625	4410,603208	5
4411,634021	4411,700828	10
4411,847323	4412,076198	30
4412,100984	4412,309703	30
4412,309703	4412,382484	10
4412,382484	4412,580578	35
4412,876953	4412,976323	10
4413,006958	4413,067724	10
4413,067724	4413,419885	15
4413,517385	4413,662495	10
4413,713453	4413,916526	25
4413,975859	4414,055964	10
4414,079719	4414,257661	15
4416,709823	4417,067776	40
4417,582078	4418,48913	5
4419,005625	4420,560448	15
4420,716219	4420,953359	5
4421,013969	4421,380187	20
4421,380187	4421,734802	40
4421,955073	4422,293286	35
4422,576943	4422,686792	15
4422,686792	4423,041812	30
4423,061203	4423,876542	30
4423,910906	4424,32912	35
4424,362521	4424,589151	30
4425,057391	4426,382917	5
4426,827589	4427,196516	50
4427,426234	4427,633172	30
4427,633172	4427,683651	10
4428,371812	4428,48849	25
4430,542047	4430,684115	20
4430,741807	4430,839458	10
4430,839458	4430,990208	10
4431,093328	4431,392943	25
4431,392943	4431,452719	5
4431,452719	4432,216615	10
4432,216615	4432,418807	30
4432,494667	4432,834161	25
4432,918229	4434,897516	15
4435,133724	4436,931901	5
4436,987641	4437,040495	10
4437,040495	4437,119536	10
4437,612286	4437,775505	5
4437,797828	4438,253016	65
4438,64763	4438,91599	10
4439,018823	4439,0985	10
4439,0985	4439,420042	10
4439,420042	4439,521495	10
4439,599469	4439,641245	5
4439,641245	4439,732615	10
4439,732615	4440	30
4440,004849	4440,060422	10
4440,060422	4440,177365	25
4440,177365	4440,274943	5
4440,347427	4440,438656	10
4440,550089	4440,694573	25
4440,881958	4441,069604	30
4441,069604	4441,242385	40
4441,810427	4441,947125	20
4442,349224	4443,067917	30
4443,067917	4443,1015	5
4443,1015	4443,403323	30
4443,403323	4443,446578	5
4443,446578	4450,313953	5
4450,313953	4455,834948	5
4455,834948	4456,188906	75
4456,269344	4458,929974	5
4459,000286	4459,249443	50
4459,868901	4462,547755	5
4462,547755	4462,653078	10
4462,706719	4463,05387	40
4463,438266	4463,742708	30
4463,760385	4463,886333	10
4463,973995	4464,001641	5
4464,001641	4466,217068	5
4466,217068	4466,490677	30
4466,490677	4471,112714	5
4471,112714	4472,827135	5
4473,023641	4473,079172	10
4473,257682	4473,302844	5
4473,346714	4473,571932	30
4473,69937	4474,030115	35
4474,288297	4474,663849	80
4474,764641	4474,793401	5
4474,94001	4474,988599	10
4475,066495	4475,094484	5
4475,139474	4475,192901	10
4475,518036	4481,570724	5
4481,570724	4481,663792	15
4481,839458	4482,074458	15
4482,074458	4482,498557	25
4482,498557	4483,355807	5
4483,419469	4483,540146	15
4483,581406	4483,785234	35
4484,156891	4484,580375	45
4487,174943	4487,442646	35
4487,442646	4487,539995	10
4487,539995	4487,80487	10
4487,80487	4488,084406	30
4488,113312	4488,499391	30
4488,499391	4488,824094	10
4490,281573	4490,500073	45
4490,500073	4490,636646	10
4490,636646	4491,510839	40
4491,553297	4492,535969	40
4492,535969	4494,112281	5
4494,133849	4494,542771	5
4494,542771	4496,101188	30
4496,101188	4496,694073	5
4497,241458	4497,789031	35
4497,816193	4498,174859	25
4498,197318	4498,569198	25
4498,569198	4499,038094	45
4499,038094	4499,254312	10
4500,680823	4501,103135	50
4501,12801	4501,301276	30
4501,340297	4501,566104	30
4501,566104	4501,628005	10
4501,658807	4501,99001	55
4502,344703	4502,768333	30
4502,768333	4502,827318	10
4502,827318	4503,00099	40
4503,00099	4503,079573	10
4503,294682	4503,362615	10
4503,362615	4503,517104	35
4503,517104	4503,581568	5
4504,33551	4504,550547	10
4504,575323	4504,658859	10
4504,713677	4504,797708	10
4505,11849	4517,481625	5
4517,571802	4518,028573	25
4518,028573	4518,138448	5
4518,138448	4518,220813	5
4518,242255	4518,273578	5
4518,273578	4518,343365	10
4518,343365	4519,023557	30
4519,047896	4519,221656	25
4519,221656	4525,787406	5
4525,787406	4526,476651	10
4526,476651	4527,958891	40
4528,133599	4534,16288	5
4534,375651	4534,805177	35
4534,805177	4534,846229	5
4534,939099	4534,97738	5
4535,006536	4535,047031	5
4535,076224	4535,120714	5
4535,120714	4535,199755	10
4535,38549	4535,609297	45
4535,609297	4535,656286	5
4535,760443	4535,786552	5
4535,936042	4535,959318	5
4535,995854	4536,046589	10
4536,331599	4536,50649	35
4536,681719	4536,748135	10
4537,093141	4537,137292	5
4537,168734	4537,207974	5
4537,207974	4538,065948	40
4538,250943	4539,429609	40
4539,429609	4539,98188	5
4540,72725	4541,03337	25
4541,065307	4541,431823	40
4541,716646	4542,146375	55
4542,423943	4542,704266	35
4542,738	4542,957703	40
4542,957703	4543,003396	10
4543,117016	4543,35926	5
4543,35926	4543,523307	35
4543,556807	4544,088552	35
4544,088552	4544,331	10
4544,420255	4546,306318	25
4546,306318	4546,818281	5
4546,818281	4547,20399	5
4547,20399	4547,762776	15
4547,762776	4548,168281	45
4548,50313	4548,693151	15
4548,937026	4550,58025	35
4550,58025	4551,03025	10
4551,03025	4551,616146	30
4552,397849	4552,983917	75
4554,072891	4554,312464	35
4554,346339	4554,507896	25
4554,507896	4554,597854	5
4554,597854	4554,65851	10
4554,65851	4555,010562	20
4555,190156	4555,289385	10
4555,33862	4555,754182	10
4555,77376	4555,981229	10
4556,046885	4556,11613	5
4556,11613	4556,30187	10
4556,483089	4556,510552	5
4556,510552	4556,556995	5
4556,575656	4556,60487	5
4556,60487	4556,695141	5
4556,714844	4556,744396	5
4556,764714	4556,795089	5
4556,844411	4556,877604	5
4556,898484	4556,930089	5
4556,980156	4557,054833	5
4557,211865	4557,317839	10
4557,449776	4557,530167	5
4557,699078	4557,884016	10
4557,884016	4557,974385	10
4558,032458	4558,343427	5
4558,343427	4558,588844	10
4560,004812	4564,644641	5
4564,644641	4564,713083	10
4564,739948	4565,473104	10
4565,592984	4565,676932	5
4565,676932	4565,804859	30
4565,804859	4570,916875	5
4570,916875	4571,928411	5
4571,928411	4572,315323	25
4572,888	4573,286875	30
4573,629297	4575,425521	5
4575,425521	4575,625448	40
4575,625448	4575,715286	10
4575,715286	4576,139245	45
4576,470562	4576,843536	40
4576,843536	4576,922734	10
4576,922734	4577,186073	45
4577,392656	4580,660135	5
4580,660135	4580,932083	10
4580,932083	4581,47751	20
4581,47751	4582,458974	20
4582,458974	4582,499448	5
4582,499448	4582,726943	35
4582,756198	4583,277193	30
4583,308266	4583,995292	5
4583,995292	4585,443318	5
4585,443318	4585,795526	10
4585,795526	4586,010583	25
4586,010583	4586,040307	5
4586,06188	4586,092448	5
4586,092448	4586,274172	35
4586,274172	4586,315385	5
4586,315385	4588,67101	5
4588,78775	4588,84275	5
4588,84275	4588,978031	5
4588,978031	4589,804036	5
4589,804036	4590,474781	5
4590,474781	4596,363583	10
4596,44376	4596,834562	5
4597,277885	4604,160073	10
4604,420115	4604,9275	45
4604,9275	4605,743146	15
4605,834484	4606,296312	30
4606,76713	4606,806047	5
4606,806047	4606,99363	25
4607,18812	4608,299172	45
4608,299172	4608,62162	10
4608,720245	4608,756625	5
4608,756625	4609,174458	30
4609,174458	4609,206339	5
4609,206339	4609,327714	25
4609,327714	4609,386542	10
4609,386542	4609,559344	10
4609,559344	4610,708922	30
4610,730979	4610,839906	10
4610,839906	4611,036229	35
4611,036229	4611,626542	5
4611,676542	4611,985953	25
4612,16887	4612,459375	25
4612,532745	4612,610167	10
4612,747318	4613,096448	10
4613,193141	4613,351286	20
4613,351286	4613,411234	10
4613,430948	4613,999344	10
4613,999344	4614,885286	10
4614,885286	4615,085328	25
4615,085328	4615,681094	10
4615,681094	4615,833484	25
4615,833484	4615,904651	5
4615,904651	4615,98525	10
4616,112995	4616,282667	5
4616,282667	4616,346885	10
4616,395745	4616,495589	10
4616,57312	4616,605583	5
4616,605583	4617,001594	25
4617,029745	4617,272776	35
4617,272776	4617,43349	10
4617,43349	4617,852875	30
4617,993078	4618,154547	10
4618,287672	4618,693891	25
4618,693891	4618,852724	10
4618,852724	4619,230651	25
4619,230651	4619,296031	10
4619,296031	4619,427755	10
4619,427755	4619,553	30
4619,553	4619,616135	10
4620,000068	4620,382437	10
4620,382437	4620,490635	25
4620,608156	4620,657062	5
4620,70388	4620,75763	10
4620,75763	4621,246677	30
4621,246677	4622,22188	5
4622,22188	4622,291927	10
4622,336573	4622,774661	25
4622,844156	4623,053349	35
4623,053349	4623,133453	10
4623,338781	4623,835266	50
4623,875682	4624,378693	30
4624,378693	4624,757734	10
4624,757734	4625,29274	30
4625,330417	4625,548484	35
4625,577755	4626,531849	40
4626,650406	4626,707031	10
4626,707031	4626,886745	25
4626,928953	4627,107417	30
4627,107417	4627,152828	5
4627,175495	4627,239594	10
4627,239594	4627,609146	35
4627,644161	4627,992104	40
4628,327635	4629,096974	40
4629,552807	4630,391203	40
4630,391203	4631,170427	20
4631,170427	4632,691661	5
4633,004245	4634,461297	10
4634,461297	4634,693229	15
4634,693229	4635,223984	35
4635,265979	4635,421938	30
4635,927984	4636,314151	40
4636,314151	4636,394562	10
4636,394562	4637,300932	40
4637,679297	4638,861411	35
4638,892859	4639,911047	5
4640,419687	4640,596979	5
4641,064964	4641,505198	35
4641,505198	4645,614589	5
4646,087682	4646,356198	40
4646,356198	4646,411078	10
4646,50613	4646,582708	10
4646,792943	4646,859109	10
4646,859109	4647,456141	25
4647,476797	4647,708063	25
4647,708063	4647,80663	10
4647,80663	4648,260448	40
4648,296427	4649,076672	45
4649,111135	4649,685417	45
4649,719573	4650,487359	30
4650,487359	4651,507177	45
4651,507177	4653,46162	5
4653,46162	4653,572839	20
4653,572839	4653,837443	10
4653,837443	4654,589599	15
4654,735781	4655,254583	40
4655,288526	4655,476583	25
4655,476583	4655,570385	10
4655,61651	4656,42488	35
4656,42488	4656,626115	10
4656,626115	4656,755771	30
4656,784974	4659,016276	30
4659,05612	4659,33487	30
4659,750573	4659,85862	15
4659,85862	4660,974078	40
4661,094406	4662,088198	35
4662,113839	4663,551672	30
4663,586297	4663,974927	35
4663,999807	4664,722141	30
4664,722141	4664,820005	5
4664,820005	4665,082589	5
4665,284828	4666,451604	30
4666,58949	4667,024583	35
4667,024583	4667,326062	10
4668,166135	4668,580917	35
4668,580917	4668,666344	10
4668,666344	4668,785854	25
4668,921547	4670,111177	10
4670,164302	4670,38463	30
4670,38463	4671,188698	20
4671,188698	4672,20313	15
4672,233578	4672,347547	10
4672,919396	4673,383401	10
4673,604479	4673,971333	5
4674,521328	4675,222813	80
4675,609344	4675,680693	10
4675,748135	4675,8155	10
4676,066167	4676,235698	5
4676,235698	4676,594599	65
4676,594599	4676,839198	35
4677,213286	4677,680078	5
4677,680078	4677,960458	50
4677,960458	4678,398646	55
4678,398646	4678,514193	25
4679,22176	4679,545734	5
4679,545734	4679,685516	30
4680,036182	4680,117359	15
4681,527516	4681,869885	60
4682,554906	4683,002167	50
4683,002167	4683,145661	15
4683,644547	4684,389328	5
4701,02875	4701,770432	95
4703,481125	4703,52326	10
4709,731359	4710,001036	55
4726,966297	4727,005057	5
4756,855052	4757,052016	40
4788,696375	4789,202438	105
4789,825266	4790,338083	105
4791,188911	4791,420396	15
4792,579604	4792,853661	60
4802,092708	4802,750307	50
4803,783672	4804,33676	95
4804,472375	4804,881839	50
4805,971443	4806,319766	50
4806,928047	4807,292438	55
4811,318156	4811,770281	80
4828,140948	4828,307594	30
4828,882693	4829,332635	75
4831,893984	4832,014453	20
4832,184349	4832,328365	15
4832,328365	4833,140828	45
4833,564734	4833,695234	25
4833,695234	4833,961052	50
4834,960208	4835,203599	10
4835,481	4835,84937	5
4835,84937	4835,897807	10
4836,25562	4836,705995	80
4836,775448	4837,147281	30
4837,956698	4838,400562	65
4838,727562	4838,935099	35
4839,485391	4839,814495	70
4839,94725	4840,244177	25
4840,898656	4841,188974	60
4841,354188	4841,531073	35
4841,746406	4841,908448	35
4842,092208	4842,18324	10
4842,229073	4842,602734	70
4843,292661	4843,700734	25
4844,349359	4844,481182	15
4844,547839	4844,625885	10
4844,625885	4845,409281	35
4845,409281	4845,620302	15
4846,834292	4847,229292	5
4849,961813	4850,034078	10
4850,906292	4851,073693	10
4851,264734	4851,429667	25
4854,69626	4855,25588	60
4855,25588	4855,342	20
4855,549448	4855,672786	20
4855,672786	4855,956995	60
4856,01651	4856,616036	70
4857,054198	4857,224755	35
4859,55626	4860	50
4860,116146	4860,283922	35
4860,317693	4860,621188	30
4861,184406	4861,499219	30
4861,499219	4861,590302	20
4861,672182	4861,893172	45
4862,131172	4862,280552	15
4862,280552	4862,530594	40
4862,530594	4862,62074	10
4862,62074	4862,850844	30
4862,850844	4862,912437	10
4863,094375	4863,398807	40
4864,152802	4864,296745	15
4864,562609	4864,753797	30
4865,339583	4865,532906	25
4865,568812	4865,814438	30
4866,65463	4866,797484	15
4867,187901	4867,517625	25
4867,695266	4867,883667	25
4870,075812	4870,731193	40
4873,596469	4873,774958	35
4878,434969	4878,767661	70
4887,041531	4887,766922	35
4887,766922	4888,085411	60
4891,315958	4891,912406	45
4891,967714	4894,277839	50
4896,378974	4896,526214	25
4901,405839	4901,684557	60
4901,914641	4902,086807	35
4902,13151	4902,427135	45
4902,466953	4902,702875	40
4904,675302	4905,122021	90
4925,811839	4925,933156	25
4931,168021	4931,364531	45
4935,87487	4935,981432	20
4936,007818	4936,296839	30
4937,610432	4937,82462	30
4949,495594	4949,561141	10
4978,773417	4978,954328	40
4979,906214	4980	5
4983,464766	4983,604557	10
4993,328938	4993,712432	80
4995,364698	4995,40338	5
4996,247901	4996,395516	25
4997,24562	4997,781198	110
4997,87488	4998,179688	40
5003,44888	5003,835115	80
5004,502323	5005,024807	85
5010,903896	5011,036891	10
5023,83562	5023,87037	5
5056,510068	5056,725672	40
5057,52424	5057,771365	50
5058,793771	5059,33501	80
5059,644219	5060,043651	80
5068,382953	5069,152698	100
5069,447901	5071,580854	65
5071,829229	5072,406255	85
5072,939563	5073,171891	50
5074,718932	5074,818375	20
5074,871563	5075,461776	55
5075,566052	5076,110948	65
5076,110948	5076,548151	90
5076,62662	5076,908297	60
5076,908297	5077,200911	50
5078,730276	5079,763562	50
5079,763562	5079,809276	10
5079,809276	5080,133531	45
5080,159641	5080,576458	40
5080,705635	5081,11563	30
5081,11563	5081,770432	5
5081,789849	5081,819734	5
5082,309359	5082,838661	35
5083,066557	5083,37526	40
5083,391589	5083,656896	60
5083,701469	5084,062844	50
5084,644589	5085,031922	30
5085,059505	5085,430401	25
5085,455474	5085,942833	30
5086,211922	5086,58226	75
5086,599505	5087,52287	85
5087,693948	5088,43088	85
5089,520688	5089,573161	10
5090,53125	5090,678964	15
5090,678964	5090,997599	35
5091,02787	5092,969208	30
5093,219073	5093,953573	5
5093,953573	5094,138375	25
5094,159464	5095,871609	5
5097,655406	5098,084469	35
5098,118375	5099,010937	35
5099,041839	5100	35
5100,011396	5100,119052	15
5100,119052	5100,385073	40
5100,422531	5102,706151	35
5102,861255	5103,829885	25
5104,000328	5104,446677	65
5104,785214	5105,729458	80
5107,018036	5107,478719	60
5107,804948	5108,210156	80
5112,521661	5112,61276	15
5113,11326	5113,261516	20
5144,94638	5145,291438	60
5173,578401	5173,62488	5
5187,64638	5188,200729	65
5189,584187	5190,247156	135
5191,442339	5191,948833	105
5200,435646	5200,662036	50
5201,992688	5202,071474	10
5202,071474	5202,404432	45
5222,532458	5223,021313	85
5223,376849	5223,715453	60
5223,825229	5224,154286	40
5224,154286	5225,054646	40
5225,108943	5225,355849	30
5225,377667	5225,603193	25
5226,194646	5226,358786	30
5226,52063	5226,655115	25
5226,851865	5227,347188	55
5227,655271	5228,003401	50
5228,177521	5228,247604	10
5228,247604	5228,602792	55
5228,602792	5228,764031	30
5229,154224	5229,285333	30
5229,285333	5229,585833	65
5230,99137	5231,814672	45
5231,999349	5232,360344	40
5232,61425	5232,817099	10
5232,837422	5232,901057	10
5233,01026	5233,419573	10
5233,419573	5234,111052	20
5236,248245	5236,692693	35
5236,925177	5237,677771	40
5237,723859	5237,968625	50
5239,347766	5239,453255	10
5240,312526	5240,834339	70
5240,834339	5241,996891	35
5242,025891	5242,28526	15
5242,28526	5242,535818	40
5242,653083	5243,348792	30
5243,348792	5244,342625	5
5244,342625	5244,570516	5
5244,906755	5245,601953	25
5245,799609	5246,175177	35
5246,314807	5246,438911	25
5246,438911	5246,968656	65
5247,069385	5247,627411	50
5249,167682	5250,381109	30
5250,414005	5250,907729	20
5250,907729	5251,499859	5
5251,499859	5252,016432	10
5252,716318	5253,350969	65
5279,345766	5279,407568	10
5280,081792	5280,806833	55
5280,845911	5283,581927	40
5283,617484	5283,797323	30
5283,823958	5284,506307	25
5284,506307	5285,259927	40
5285,302609	5285,801536	50
5285,848703	5286,243469	50
5286,296302	5287,151646	45
5287,221417	5287,456536	45
5287,552016	5288,469224	10
5288,469224	5289,186682	35
5289,186682	5289,620339	65
5289,818271	5290,005203	25
5290,005203	5290,734578	15
5290,734578	5290,965771	40
5290,965771	5292,661854	30
5292,661854	5293,272687	10
5293,272687	5293,49374	15
5293,942312	5299,494745	5
5300,289891	5300,709974	70
5301,812542	5302,175234	75
5304,173911	5304,337688	35
5309,473688	5309,749422	50
5309,795708	5310,373542	40
5310,404828	5310,977255	30
5311,008401	5311,991573	40
5312,562115	5313,181365	45
5313,225839	5313,637214	30
5313,659797	5314,017359	15
5314,017359	5314,383875	25
5314,383875	5314,438938	10
5314,438938	5315,527359	10
5315,764589	5316,540443	60
5316,540443	5316,669708	10
5316,669708	5317,502755	35
5317,737354	5318,379688	20
5318,379688	5318,572083	40
5318,613516	5319,761391	40
5319,802667	5320,243745	25
5320,243745	5321,432797	35
5321,432797	5322,234859	5
5322,234859	5324,915542	10
5327,472198	5327,602083	30
5327,886682	5328,408833	90
5328,809286	5329,219396	45
5329,701057	5330,120719	35
5330,571219	5331,057865	70
5331,413495	5331,83126	30
5331,83126	5332,275516	5
5332,400266	5332,712161	5
5332,712161	5332,954427	5
5333,731792	5335,184859	35
5335,747026	5335,99013	45
5336,131979	5336,803125	30
5336,803125	5337,158734	55
5337,158734	5337,260729	10
5337,449964	5337,526865	10
5337,565766	5337,985698	25
5337,985698	5338,338417	65
5338,411187	5338,769635	75
5338,817828	5339,173911	65
5340,10925	5340,384005	55
5340,431672	5340,690885	60
5340,782349	5341,197807	40
5341,258786	5341,860432	40
5341,890797	5342,737167	5
5342,766396	5342,998865	25
5343,057714	5343,421354	50
5343,672578	5343,945151	10
5343,968776	5344,892714	10
5344,892714	5347,488984	10
5347,488984	5347,668484	35
5347,745604	5348,065005	50
5348,103266	5349,587094	30
5349,628307	5350,051693	40
5350,08912	5350,275406	40
5350,311401	5350,833896	35
5350,851901	5351,066974	40
5351,104026	5351,344734	35
5351,630333	5351,935297	45
5352,984755	5353,042802	5
5353,157286	5353,5105	45
5353,5105	5355,105365	15
5355,105365	5355,37025	35
5355,403505	5355,642411	40
5355,676552	5357,351568	40
5357,351568	5357,708302	10
5357,730219	5357,794276	5
5357,896214	5357,993479	5
5358,114479	5358,159156	5
5358,180948	5358,284469	5
5358,284469	5359,336911	45
5359,560677	5360,265995	50
5360,265995	5360,384583	10
5361,088682	5361,368526	35
5361,667417	5361,978115	45
5412,607745	5413,290703	100
5414,051375	5414,168427	20
5498,176807	5498,62774	90
5513,277234	5513,53738	55
5521,232219	5521,33275	10
5524,320557	5524,557443	40
5540,449005	5540,941359	80
5558,531953	5558,604755	10
5566,046609	5566,129849	10
5634,007016	5634,134349	15
5637,732703	5637,781068	5
5645,653365	5646,434609	160
5665,34363	5665,544458	45
5673,130146	5673,158823	5
5689,183573	5689,255104	10
5720,417583	5720,533469	15
5744,387781	5744,458198	10
5747,188297	5747,907391	105
5753,902172	5754,344333	90
5754,344333	5754,647328	50
5756,797656	5757,393552	90
5761,372286	5761,944068	85
5762,683016	5763,268578	75
5763,754958	5764,125312	75
5777,853297	5777,949151	15
5808,419911	5808,765906	70
5808,79038	5809,189719	70
5810,631672	5810,895021	55
5810,895021	5811,009937	15
5811,121932	5811,449839	55
5811,642656	5811,916505	55
5812,245219	5812,548063	60
5813,578646	5813,836922	55
5813,90024	5814,606401	80
5816,298958	5816,580859	40
5816,614859	5816,793005	30
5817,310635	5817,558609	55
5819,225047	5819,704125	50
5822,119068	5822,351661	40
5822,351661	5823,070036	5
5823,169865	5823,366281	35
5823,400875	5823,818073	35
5823,834068	5824,326526	45
5825,469505	5825,776562	65
5825,776562	5825,877214	25
5825,877214	5826,11937	50
5826,410719	5826,754083	40
5826,886234	5827,324771	40
5827,361974	5828,20012	40
5828,2365	5829,013375	40
5829,013375	5830,170531	5
5830,170531	5830,436083	5
5830,794714	5831,269682	40
5831,269682	5831,633802	55
5831,966635	5832,317661	40
5832,317661	5833,193734	20
5833,635484	5833,891323	10
5834,362578	5834,530167	25
5834,569583	5836,411755	30
5836,411755	5836,842969	55
5836,842969	5837,035276	30
5837,035276	5837,510917	55
5837,510917	5838,248984	5
5838,350781	5838,511906	25
5838,588516	5838,972896	25
5838,993557	5840,543271	5
5840,543271	5840,712484	30
5840,921089	5842,170464	30
5842,170464	5842,663594	10
5842,837792	5843,179182	70
5843,261729	5843,75188	5
5843,75188	5843,904667	20
5843,904667	5844,594198	40
5844,625354	5845,073641	35
5845,762771	5845,838474	10
5847,782104	5847,97613	40
5849,547026	5849,867146	55
5849,886026	5850,194089	55
5850,242797	5850,673302	45
5850,71551	5850,974646	45
5851,978151	5852,167766	40
5853,023286	5853,510161	40
5853,648495	5855,484266	40
5855,576833	5856,05562	10
5856,660135	5856,784406	5
5856,784406	5856,999802	10
5856,999802	5857,287406	30
5857,444922	5857,680052	40
5857,718344	5858,404948	35
5858,404948	5858,986531	30
5859,196276	5859,717203	45
5859,750771	5860,024411	35
5860,582932	5861,821391	40
5861,821391	5862,53501	5
5862,635479	5863,521568	35
5863,553677	5863,810656	35
5863,834073	5864,032255	25
5864,032255	5864,392281	25
5864,392281	5864,737615	10
5864,973089	5865,798505	5
5865,798505	5865,873859	5
5866,183724	5866,738391	60
5866,782557	5866,974615	40
5868,107245	5868,448943	40
5868,474005	5868,799026	50
5868,840286	5869,125818	50
5869,568302	5870,142094	85
5870,142094	5870,509615	45
5870,509615	5870,71488	25
5870,749604	5871,808859	30
5871,808859	5872,559812	10
5872,559812	5872,734083	20
5872,734083	5873,231016	10
5873,231016	5873,477906	35
5873,477906	5873,851318	65
5873,851318	5874,642672	45
5874,673068	5875,085443	35
5875,085443	5875,548573	10
5875,548573	5876,344792	25
5876,344792	5877,937755	10
5878,235745	5878,569849	30
5878,595807	5879,465245	30
5880,750089	5880,897703	25
5880,897703	5881,211203	45
5881,264771	5881,71001	45
5885,637922	5885,953214	45
5886,00799	5887,347396	40
5887,386188	5888,382083	40
5888,511031	5890,78526	40
5891,004563	5891,499755	50
5891,499755	5891,606656	10
5891,883469	5892,237156	70
5892,305917	5892,871849	65
5892,893964	5893,35149	40
5893,739177	5893,799349	10
5893,799349	5893,998828	25
5893,998828	5894,043005	5
5894,080359	5894,971271	10
5894,971271	5895,427021	20
5895,464771	5895,803812	60
5895,826042	5896,405906	75
5896,880073	5897,564568	90
5898,04112	5898,439776	80