219,97	220,050945	W (class: 2)
223,176816	223,294388	W (class: 2)
224,638424	224,771633	W (class: 1)
228,378706	229,586	W (class: 3)
238,644741	238,777856	W (class: 2)
239,647969	239,745369	W (class: 1)
271,813	272,173315	W (class: 1)
296,118	296,877383	W (class: 3)
297,195989	297,753989	W (class: 2)
305,611	306,198631	W (class: 3)
313,916	314,951709	W (class: 3)
321,461	322,111	W (class: 2)
408,414	408,836259	W (class: 1)
462,011	462,423	W (class: 1)
470,241	470,426	W (class: 1)
482,088	482,627	W (class: 1)
535,447	535,597	W (class: 1)
546,944	547,476	W (class: 1)
803,624	804,108	W (class: 2)
827,932	828,445	W (class: 1)
829,575	829,822	W (class: 2)
829,971	830,166	W (class: 2)
841,127	841,351	W (class: 1)
851,522	851,886	W (class: 1)
851,964	852,321	W (class: 2)
855,165	855,561	W (class: 2)
876,509	876,72	W (class: 1)
905,290956	911,871942	MW (class: 3)
912,316795	916,836188	MW (class: 2)
917,554	918,976	MW (class: 3)
919,06	922,196	MW (class: 2)
924,258122	924,894122	MW (class: 2)
925,436671	929,812671	MW (class: 3)
931,586	932,385	W (class: 2)
932,735	933,339	W (class: 1)
933,755	934,664	W (class: 2)
936,725414	937,729	W (class: 1)
940,625	944,689	MW (class: 3)
948,391	948,969	W (class: 3)
949,683	950,027	W (class: 1)
950,611	951,722	W (class: 1)
952,319	953,144	MW (class: 2)
953,676	954,111	W (class: 2)
955,981	956,345	W (class: 1)
956,455	957,176	W (class: 3)
957,176	958,001	MW (class: 2)
958,507	958,689	W (class: 1)
958,9	959,154	W (class: 1)
963,657	963,936	W (class: 1)
964,014	964,806	W (class: 2)
966,105	967,001	W (class: 2)
971,624	972,501	MW (class: 2)
973,592	978,767	MW (class: 2)
979,546	981,013	W (class: 2)
991,455	992,15	W (class: 1)
993,189	993,682	W (class: 2)
1003,273	1003,649	W (class: 1)
1006,312	1006,812	W (class: 1)
1015,74	1016,26	W (class: 2)
1019,227	1021,701	MW (class: 2)
1021,831	1022,029	W (class: 1)
1023,259	1024,461	MW (class: 2)
1036,811	1037,395	W (class: 1)
1038,538	1039,029	W (class: 1)
1039,87	1040,259	W (class: 1)
1050,921	1051,915	W (class: 2)
1060,492	1060,915	W (class: 1)
1060,96	1061,557	W (class: 2)
1074,437	1074,668	W (class: 1)
1093,791	1094,693	W (class: 2)
1099,446	1099,865	W (class: 1)
1099,719	1099,836	W (class: 1)
1105,998	1106,115	W (class: 2)
1110,998	1111,323	W (class: 1)
1112,186	1112,923	W (class: 1)
1115,03	1115,615	W (class: 3)
1115,725	1116,297	W (class: 3)
1145,991	1146,51	W (class: 1)
1166,581	1166,867	W (class: 3)
1168,335	1168,893	W (class: 3)
1207,256	1207,749	W (class: 3)
1211,239592	1211,554	W (class: 2)
1217,298	1217,515	W (class: 1)
1223,183562	1224,021813	W (class: 3)
1225,012054	1226,323717	W (class: 3)
1227,249	1227,437	W (class: 1)
1238,009	1238,664	W (class: 2)
1243,203	1243,937	W (class: 3)
1257,196	1257,807	W (class: 3)
1257,943	1258,385	W (class: 3)
1265,93	1266,072949	W (class: 1)
1266,569693	1266,732027	W (class: 2)
1267,923563	1268,089144	W (class: 3)
1271,514	1271,605	W (class: 3)
1271,738424	1271,913745	W (class: 2)
1272,82	1273,307	W (class: 3)
1273,583	1273,699	W (class: 2)
1278,144144	1278,296739	W (class: 1)
1278,67	1278,748	W (class: 1)
1280,28	1280,417	W (class: 2)
1332,27	1332,494	W (class: 3)
1342,182	1342,844	W (class: 2)
1355,272	1355,669	W (class: 3)
1357,604	1358	W (class: 3)
1369,506	1369,896	W (class: 2)
1376,889	1377,129	W (class: 3)
1421,411	1421,882	W (class: 1)
1422,002	1422,154	W (class: 2)
1530,986663	1531,398993	W (class: 3)
1533,022338	1533,379474	W (class: 3)
1534,382346	1534,616463	W (class: 3)
1654,854	1655,276	W (class: 1)
1681,825	1683,669	W (class: 3)
1684,084356	1684,873301	W (class: 2)
1685,944709	1686,480413	W (class: 2)
1704,363	1704,62	W (class: 2)
1794,84845	1795,30948	W (class: 2)
1796,062712	1796,491275	W (class: 2)
1856,695	1857,11	W (class: 2)
1857,269	1857,399	W (class: 3)
1860,445	1860,996523	W (class: 3)
1865,236701	1866,165254	W (class: 3)
1980,608	1980,903	W (class: 2)
1981,095	1981,514	W (class: 2)
1981,702	1981,848	W (class: 2)
2054,976543	2055,613543	W (class: 3)
2104,400913	2104,92	W (class: 2)
2109,946	2110,57	W (class: 2)
2239,846	2240,122	W (class: 2)
2242,804	2243,148	W (class: 2)
2248,22	2248,401	W (class: 1)
2254,84	2255,19	W (class: 2)
2400,586	2401,016	W (class: 1)
2403,39	2404,166	W (class: 1)
2409,267	2410,091	W (class: 1)
2423,943	2425,425945	W (class: 1)
2462,336	2462,785	W (class: 3)
2484,826	2485,515	W (class: 3)
2507,021	2508,246	W (class: 3)
2510,731	2511,002	W (class: 3)
2516,17	2516,322	W (class: 3)
2521,013	2521,257	W (class: 2)
2544,657	2545,863	W (class: 3)
2654,956	2655,288	W (class: 3)
2725,706	2726,272	W (class: 1)
2743,761	2744,075	W (class: 3)
2744,266	2744,506	W (class: 3)
2744,65	2745,006	W (class: 1)
2745,145656	2746,93	MW (class: 2)
2746,93	2747,483	W (class: 1)
2759,454	2759,639	W (class: 2)
2760,847784	2761,97	W (class: 2)
2771,525	2771,735	W (class: 1)
2811,639	2812,303	W (class: 3)
2840,603	2841,006	W (class: 1)
2860,568	2860,711	W (class: 3)
2940,685	2941,256	W (class: 2)
2941,343	2941,773	W (class: 3)
2983,717	2984,035	W (class: 2)
3025,605	3027,02	W (class: 1)
3028,65	3030,416	W (class: 2)
3048,071	3048,391	W (class: 1)
3057,166	3057,833	W (class: 3)
3116,941	3117,281	W (class: 1)
3196,301	3196,916	W (class: 3)
3199,787	3201,058	W (class: 3)
3206,515234	3206,931	W (class: 2)
3214,11	3214,73107	W (class: 1)
3216,431732	3216,885	W (class: 1)
3220,649	3220,939	W (class: 1)
3223,418	3223,934	W (class: 1)
3225,737	3226,106	W (class: 1)
3232,868	3233,146	W (class: 1)
3233,897	3234,05	W (class: 1)
3243,724	3244,519	W (class: 1)
3282,314	3283,23	W (class: 1)
3283,808	3284,842	W (class: 1)
3286,091	3287,056	W (class: 2)
3299,883	3300,013	W (class: 1)
3300,067	3300,541	W (class: 2)
3300,627	3301,501	W (class: 2)
3302,177232	3302,995401	W (class: 2)
3307,24	3307,366376	W (class: 2)
3307,685	3307,857	W (class: 1)
3308,815	3309,024	W (class: 2)
3334,246	3334,941	W (class: 2)
3335,751	3336,2	W (class: 2)
3336,942	3337,304	W (class: 2)
3338,718	3339,136	W (class: 3)
3339,475	3339,942	W (class: 3)
3355,641	3357,573	W (class: 1)
3358,391	3362,002	MW (class: 2)
3363,325	3364,235054	W (class: 1)
3384,464	3384,722	W (class: 1)
3401,05	3402,246	W (class: 1)
3464,721	3464,9	W (class: 1)
3477,364	3478,324	W (class: 2)
3479,222	3479,48	W (class: 2)
3505,6	3506,4	W (class: 1)
3516,808	3517,497	W (class: 2)
3624,345	3624,868	W (class: 2)
3636,888	3637,491	W (class: 1)
3742,125	3743,293	W (class: 1)
3749,568	3749,993	W (class: 2)
3757,23475	3758,709	W (class: 2)
3759,266363	3760,003155	W (class: 1)
3818,614	3818,922	W (class: 3)
3879,615	3880,494	W (class: 3)
3897,251	3897,441	W (class: 1)
3905,642	3906,355	W (class: 2)
3909,246	3911,529	W (class: 2)
3912,021	3912,802	W (class: 3)
3925,739	3926,145	W (class: 3)
3928,286	3928,993	W (class: 1)
3930,796	3931,528	W (class: 2)
3934,597	3935,329	W (class: 2)
4216,017	4216,361	W (class: 2)
4250,823	4251,043	W (class: 1)
4255,4	4255,618	W (class: 1)
4282,959	4283,23	W (class: 1)
4337,998	4338,459	W (class: 2)
4339,979	4340,489	W (class: 3)
4343,823	4344,396	W (class: 1)
4352,017	4352,854	W (class: 1)
4355,57	4356,285	W (class: 1)
4358,108	4358,6	W (class: 2)
4363,619	4363,964	W (class: 3)
4371,364	4371,887	W (class: 2)
4378,802	4379,454	W (class: 1)
4379,86	4380,29	W (class: 1)
4393,32	4393,769	W (class: 2)
4399,244	4399,527	W (class: 2)
4407,693277	4408,473562	W (class: 1)
4415,766886	4416,259179	W (class: 1)
4416,753	4417,233	W (class: 2)
4418,063	4418,531	W (class: 3)
4419,700309	4420,579	W (class: 2)
4437,773	4438,13	W (class: 3)
4439,748	4440,246	W (class: 3)
4481,45	4482,114	W (class: 1)
4487,355	4488,647	W (class: 1)
4489,115	4489,951	W (class: 1)
4491,981	4492,578	W (class: 3)
4498,108	4499,087	W (class: 1)
4571,768	4572,162	W (class: 1)
4575,736	4576,228	W (class: 3)
4578,091	4578,651	W (class: 1)
4580,873	4583,026	W (class: 3)
4596,16	4596,639	W (class: 3)
4605,713	4606,427	W (class: 2)
4616,878	4617,254	W (class: 3)
4629,927	4631,166	W (class: 1)
4664,418	4664,923	W (class: 3)
4687,438	4688,034	W (class: 2)
4704,084	4704,435	W (class: 1)
4707,357	4707,609	W (class: 1)
4712,862	4713,299	W (class: 2)
4860,391	4860,994	W (class: 2)
4862,28	4864,741	W (class: 2)
4865,497	4866,629	W (class: 2)
4916,37	4916,534	W (class: 1)
4920,798	4921,054	W (class: 1)
4929,148	4929,456	W (class: 1)
4933,282	4933,584	W (class: 1)
4939,871	4941,347	W (class: 1)
4945,77	4946,194	W (class: 1)
4948,735	4949,904	W (class: 1)
4951,2	4951,55	W (class: 1)
4957,973	4958,193	W (class: 1)
4960,417	4960,694	W (class: 1)
4970,684	4970,899	W (class: 1)
4973,422	4973,695	W (class: 1)
4974,793	4975,107	W (class: 1)
4977,513	4977,679	W (class: 2)
4978,988	4979,077	W (class: 1)
4979,284	4980,41	MW (class: 3)
4980,847	4981,16	W (class: 2)
4982,914	4984,433	W (class: 3)
4987,367	4988,118	W (class: 3)
4995,082	4995,242	W (class: 3)
4997,505	4998,447	W (class: 3)
5008,308	5008,418	W (class: 3)
5010,934	5011,371	W (class: 3)
5015,013	5015,308	W (class: 1)
5022,826	5024,302	MW (class: 2)
5029,955	5030,429	W (class: 1)
5032,582	5033,665	W (class: 1)
5037,682	5037,842	W (class: 3)
5040,501	5040,562	W (class: 1)
5064,811	5065,37	W (class: 3)
5133,647	5134,047	W (class: 1)
5165,149584	5165,710064	W (class: 1)
5166,128	5166,546	MW (class: 1)
5213,36	5213,72	W (class: 1)
5214,093	5214,511	W (class: 2)
5271,918	5272,373	W (class: 2)
5306,927	5307,099	W (class: 3)
5352,696	5352,843	W (class: 3)
5461,05	5461,703	W (class: 2)
5461,764	5462,416	W (class: 1)
5556,087	5556,2	W (class: 1)
5569,789	5570,463	W (class: 1)
5580,703	5580,79	W (class: 1)
